smaaa
1	10	24072	7049	20340	30494	17852	7644	7644	49580	28073	46332	40334	65163	24358	33713	15438	1	0	0	0	1	0	0
2	10	13396	33215	22544	1644	2691	7644	7644	51648	32109	7764	2903	59011	56654	34810	1199	1	0	0	0	0	0	0
3	10	19930	21522	33157	22867	7726	7644	7644	64454	52743	55872	51115	46181	41112	29102	12916	0	0	1	0	1	0	0
4	10	28561	5108	1883	33187	13634	7644	7644	53281	5713	30483	26613	54313	6491	49245	36297	0	0	0	1	0	0	0
5	10	5049	9005	30399	10274	33664	7644	7644	62139	64076	8848	29951	42038	27187	22968	7394	1	0	1	1	1	0	0
6	10	14975	4414	19804	29628	15769	7644	7644	16502	48563	32998	55114	19137	35819	1807	45583	0	1	1	0	0	0	0
7	10	6165	24444	35610	18977	5433	7644	7644	20121	1992	11459	4069	35260	59234	11664	41611	0	1	1	1	0	0	0
8	10	24168	22916	8210	18600	9655	7644	7644	10410	54185	16314	20034	9798	47490	63471	48382	1	1	1	1	1	0	0
9	10	24926	30788	25602	642	25348	7644	7644	28454	58431	48304	15533	24289	34537	21216	6039	1	1	0	1	0	0	0
10	10	10105	6901	34251	30277	24673	7644	7644	38627	41499	54495	6806	28779	58022	46230	19690	0	0	0	1	0	0	0
11	10	20279	19923	21157	17906	4720	7644	7644	30426	41356	7497	49322	41199	32693	21257	4594	1	0	1	1	1	0	0
12	10	863	26483	19488	2839	22798	7644	7644	58204	20244	45649	31697	12295	65095	27323	60842	1	1	1	1	1	0	0
13	10	556	3319	24163	3708	8037	7644	7644	44563	16010	32752	14240	56351	47920	63485	43355	0	0	0	0	0	0	0
14	10	23316	25806	23979	12080	16968	7644	7644	60793	54535	25858	35947	30594	16503	45778	64467	0	1	1	0	1	0	0
15	10	12211	30871	27469	26307	24795	7644	7644	30626	447	17227	52927	25211	4623	25581	18967	1	1	0	0	1	0	0
16	10	35112	10356	23749	30817	13259	7644	7644	62022	54724	8332	18355	11767	55859	18277	57199	0	1	0	0	0	0	0
17	10	21895	14694	6454	8495	26146	7644	7644	40253	50441	27599	25281	9740	11759	65398	46215	1	0	1	0	1	0	0
18	10	30996	108	27618	17615	610	7644	7644	27254	60748	5634	49055	6020	5560	39952	63703	0	1	0	1	0	0	0
19	10	8504	7594	27230	9941	20094	7644	7644	63075	63316	57602	9923	23984	21422	3740	34248	0	1	1	0	1	0	0
20	10	21818	28604	17172	32304	25589	7644	7644	57677	7258	25184	38476	36742	1711	39959	55746	0	0	0	1	1	0	0
21	10	27498	5425	22813	10658	5343	7644	7644	63165	60323	56839	22228	60959	40338	64499	25886	1	0	0	0	0	0	0
22	10	1750	30299	27360	35214	22449	7644	7644	1752	64363	37054	22899	39483	56634	9654	52238	1	0	0	1	0	0	0
23	10	14906	28998	18616	35593	31585	7644	7644	52760	5893	9949	58684	53384	62859	10150	6117	0	0	0	0	1	0	0
24	10	12262	22079	4508	12118	22316	7644	7644	23977	57253	64980	23411	39465	28524	16118	47770	1	0	1	1	0	0	0
25	10	35734	35401	23363	18358	18355	7644	7644	25142	32071	23179	53810	51808	16540	48517	64772	1	0	1	0	0	0	0
26	10	956	33517	19770	11319	3260	7644	7644	5756	35738	57107	7088	23145	29681	26353	30519	0	1	0	0	1	0	0
27	10	17228	16332	5605	34913	7598	7644	7644	8899	49635	40032	35155	27821	55233	48443	14043	0	1	0	1	1	0	0
28	10	24874	785	35661	14792	14210	7644	7644	15453	59470	48415	2510	51617	22769	31622	24427	0	1	0	0	1	0	0
29	10	5835	11553	33378	25811	8554	7644	7644	37018	19102	15160	6972	28148	25101	38473	4383	1	1	1	0	0	0	0
30	10	29642	22046	14353	17300	31711	7644	7644	24396	60059	48652	61836	32948	25099	35632	10580	0	0	0	1	0	0	0
31	10	2265	28886	1058	15985	32163	7644	7644	19127	58926	32295	61631	19018	16748	10013	27020	0	1	0	1	1	0	0
32	10	14231	6563	5660	29364	5992	7644	7644	39003	46590	10980	15755	51690	26037	46311	13630	1	0	1	1	1	0	0
33	10	26511	10169	18040	7904	29783	7644	7644	15216	4151	45490	35482	1961	6729	40964	5007	0	1	1	0	0	0	0
34	10	19390	1186	7521	28974	22260	7644	7644	44622	17381	49990	57533	45949	34551	16365	54482	1	0	0	1	1	0	0
35	10	1258	5925	17188	1703	3960	7644	7644	46379	43984	24018	55434	17470	38293	29926	7912	0	0	1	1	1	0	0
36	10	22476	21872	10270	35826	29161	7644	7644	32675	63667	35865	15381	10669	33342	13547	65300	0	1	0	0	0	0	0
37	10	19102	13489	22437	846	32439	7644	7644	44530	2355	48808	11937	50438	46991	6209	37184	1	0	0	0	0	0	0
38	10	11025	26573	16660	28810	11529	7644	7644	20019	552	30192	35911	10247	26459	52724	39029	1	1	1	1	0	0	0
39	10	32284	34336	4691	35109	11723	7644	7644	55158	56921	35659	10212	51919	57302	35383	14338	1	0	1	0	0	0	0
40	10	8116	20203	33442	27183	19482	7644	7644	32439	8204	18315	53290	14959	9043	61313	43105	0	0	0	0	0	0	0
41	10	14627	17475	18653	17332	24327	7644	7644	58950	6358	22689	19594	51320	15819	51572	8133	1	0	1	1	0	0	0
42	10	25932	28479	18433	5500	33493	7644	7644	42050	56495	47912	52655	28467	40326	44302	13064	0	0	1	0	0	0	0
43	10	9587	33854	19993	27959	8785	7644	7644	31132	27855	62434	15486	24012	41027	46851	21516	0	1	1	0	0	0	0
44	10	23194	10860	23350	7249	15307	7644	7644	19542	26345	51489	33592	63598	54424	51167	47680	1	1	1	1	1	0	0
45	10	30173	15701	886	33026	3747	7644	7644	4831	5226	33506	42688	33239	43754	6933	36278	1	1	0	1	1	0	0
46	10	34043	5838	11647	25851	34470	7644	7644	61487	22088	36382	34694	61056	37593	34663	14794	0	1	0	0	0	0	0
47	10	15308	11670	16205	702	18615	7644	7644	45846	20021	2572	32092	25081	1493	60277	50212	1	1	1	0	0	0	0
48	10	26877	11110	13264	9471	12264	7644	7644	61839	23814	38650	41440	25613	53217	32906	34775	0	1	0	0	1	0	0
49	10	33315	25071	34411	12483	33091	7644	7644	24431	11308	15884	15460	32044	33983	35932	18154	1	0	1	0	1	0	0
50	10	22821	28621	23488	17166	5955	7644	7644	37107	34641	52356	13601	27447	41108	50174	62838	1	1	1	1	1	0	0
51	10	28436	19491	12402	4899	7609	7644	7644	16104	38749	60942	5403	20621	15933	46289	26824	0	0	0	1	0	0	0
52	10	33975	20805	1161	7523	20575	7644	7644	14823	17480	44648	64164	56645	16051	30124	25395	0	1	1	1	0	0	0
53	10	21932	21121	28079	33040	29571	7644	7644	35980	29385	18151	632	42872	31484	53196	31776	1	0	0	0	1	0	0
54	10	25190	10621	2285	6953	8691	7644	7644	42784	24086	1638	17303	30369	61843	48106	8616	0	0	1	0	0	0	0
55	10	10793	16238	25802	10529	8711	7644	7644	51534	48	63679	43180	47670	51585	63698	38605	1	0	0	1	0	0	0
56	10	22842	17692	2821	385	34084	7644	7644	51534	11886	772	8461	5274	55000	20266	26976	1	1	0	0	1	0	0
57	10	4514	12251	8283	21645	35983	7644	7644	51823	22325	24596	5004	3641	48807	61709	14160	0	0	0	0	0	0	0
58	10	3421	28796	26742	27122	16854	7644	7644	9194	63735	23320	46275	55355	1276	19677	47927	0	0	1	0	0	0	0
59	10	17789	26133	28668	9014	10649	7644	7644	56943	63035	14295	59468	44848	53990	30912	16626	1	0	0	0	0	0	0
60	10	6317	35094	22453	26917	12581	7644	7644	4488	26174	52632	58159	29027	12318	43417	34684	1	0	1	1	0	0	0
61	10	63	23852	31629	11351	19840	7644	7644	56205	13199	293	6471	40477	49145	43724	9171	1	0	1	0	1	0	0
62	10	10973	17409	35020	16367	4922	7644	7644	29049	60753	36456	3529	25212	20928	63866	9788	0	0	0	1	1	0	0
63	10	8231	1511	18789	8112	2289	7644	7644	36448	57464	64670	53929	64067	46527	37618	6864	0	0	0	1	1	0	0
64	10	30075	14244	21640	14300	5913	7644	7644	20093	33082	8409	23246	11910	63836	27150	42693	0	1	0	1	0	0	0
65	10	149	2893	11861	27701	26589	7644	7644	2219	20313	9513	46480	40581	57195	36523	61949	0	0	1	1	1	0	0
66	10	21894	8384	29193	17691	11492	7644	7644	36183	60458	50887	5285	4817	16183	16938	16343	1	1	1	1	0	0	0
67	10	3633	24150	18540	1869	15535	7644	7644	51811	44104	17497	53592	56677	6677	7699	51992	0	0	0	0	1	0	0
68	10	9712	21588	32385	9176	27316	7644	7644	33392	626	45087	38389	18722	50423	2631	40018	1	0	0	1	1	0	0
69	10	8829	15762	13983	13287	20972	7644	7644	46892	30156	48388	64575	19580	27327	16933	26104	1	0	0	1	0	0	0
70	10	34367	4420	7475	25800	34432	7644	7644	19290	8529	12678	44685	26072	53537	5785	12536	1	1	0	1	0	0	0
71	10	2874	31033	18331	2081	34054	7644	7644	43596	14693	64058	14510	5894	27256	48931	37571	1	0	0	1	1	0	0
72	10	31103	14757	11276	19429	5083	7644	7644	51415	56464	20969	57840	53160	14811	12078	12729	1	0	1	0	0	0	0
73	10	16341	7549	4783	15835	19390	7644	7644	34521	52478	20886	34743	60440	33175	29371	27385	1	0	1	0	0	0	0
74	10	30484	2900	11054	3195	17751	7644	7644	52924	62892	9210	37270	3174	20289	35259	26667	1	0	0	1	1	0	0
75	10	24053	18113	18590	17890	30332	7644	7644	36930	10795	60267	25038	34333	18485	32859	40030	1	1	1	1	1	0	0
76	10	9734	19794	23398	15657	11529	7644	7644	35307	53605	38282	31612	25463	44374	6662	4487	1	0	0	1	1	0	0
77	10	1828	27420	1327	8843	2181	7644	7644	57413	4367	6891	1420	14017	62949	55999	53090	0	1	1	0	0	0	0
78	10	30929	34796	18509	12557	1836	7644	7644	27549	29377	21548	21275	58858	8751	28898	35827	0	1	0	0	0	0	0
79	10	9677	26388	26311	33569	7133	7644	7644	25636	63784	18226	43677	14174	2637	53522	59277	0	0	0	1	1	0	0
80	10	10968	35184	5497	23560	10023	7644	7644	12233	5144	40687	35841	8484	20419	808	51376	1	0	1	1	1	0	0
81	10	18588	7591	17622	35992	34110	7644	7644	65035	14005	14509	49099	57040	2971	22643	25940	1	0	0	1	0	0	0
82	10	20678	33732	5090	35473	33359	7644	7644	33679	21008	28365	41279	56036	27095	47373	54494	1	1	0	0	0	0	0
83	10	20657	33695	28322	6784	26043	7644	7644	16369	33920	14015	48670	13454	38233	21202	2486	0	1	1	1	0	0	0
84	10	26849	13493	6720	15019	22741	7644	7644	22505	52948	7707	2861	24451	9244	54142	52437	1	0	1	0	0	0	0
85	10	25099	16497	17904	35137	33032	7644	7644	24363	41433	42764	57410	10687	39737	43508	17592	0	0	0	1	0	0	0
86	10	35041	17460	35731	21602	6259	7644	7644	26874	50708	46626	3860	6836	19002	17966	24655	1	1	0	0	1	0	0
87	10	9284	13929	10068	32228	2933	7644	7644	4720	27603	30680	1008	30339	18123	41748	34291	0	1	0	1	0	0	0
88	10	8938	1390	13683	31820	3495	7644	7644	41596	42610	24731	38602	48182	32141	52598	56999	0	0	1	0	0	0	0
89	10	16140	3914	20879	19014	29607	7644	7644	25414	6271	32779	55365	27108	8051	18375	61056	0	0	0	1	1	0	0
90	10	28276	32720	1019	7367	1616	7644	7644	30736	36179	39421	13743	47245	46591	4860	51029	1	1	0	1	1	0	0
91	10	34460	13615	30276	28668	29955	7644	7644	63716	5990	59318	62339	64080	1654	26545	39121	1	0	1	1	1	0	0
92	10	32215	5506	7553	7373	27542	7644	7644	60956	43016	31946	46196	24565	56972	31475	26696	1	1	0	0	0	0	0
93	10	30104	6574	7744	27068	30909	7644	7644	26024	21519	25368	938	8070	53842	56000	3813	0	1	0	1	0	0	0
94	10	25138	28652	10141	24164	24345	7644	7644	38104	14885	34602	21585	58119	43609	59494	39940	1	0	0	0	0	0	0
95	10	5934	34994	14202	10770	34338	7644	7644	35931	38725	57444	46628	40609	29550	21036	34353	1	1	0	0	1	0	0
96	10	17026	3923	17508	6468	2317	7644	7644	19878	62327	46493	3540	59131	32304	52351	49005	1	0	0	0	1	0	0
97	10	22343	31606	11311	15626	28820	7644	7644	55399	6291	48080	9814	5572	18424	4021	8546	1	1	1	1	1	0	0
98	10	7338	7750	28212	7458	17206	7644	7644	10914	64556	34767	43642	42171	50594	58574	5622	1	1	1	1	1	0	0
99	10	27220	4044	29020	29526	22751	7644	7644	52479	56248	42657	8110	20551	7222	64273	8737	0	0	1	0	1	0	0
100	10	29104	26545	26763	11811	27657	7644	7644	47664	17238	26032	63685	32523	19737	1600	5610	0	1	0	0	0	0	0
101	10	1887	15578	22310	18307	33100	7644	7644	36675	33932	12263	11247	48433	21123	31555	38839	1	1	1	0	1	0	0
102	10	9121	13641	30041	9889	25967	7644	7644	41727	41478	12797	47391	41532	55497	53639	37059	0	1	1	1	0	0	0
103	10	10329	3941	19010	31680	297	7644	7644	17113	8328	22425	33653	48746	38768	32551	54852	0	1	1	1	1	0	0
104	10	18425	27832	13482	1455	16395	7644	7644	51360	62082	65271	24028	17154	36536	49582	3226	1	1	1	1	1	0	0
105	10	14047	13865	20107	21409	14595	7644	7644	16919	8417	11754	54783	3838	48465	36541	52410	0	1	1	0	0	0	0
106	10	22930	19389	20513	16583	1797	7644	7644	20739	64776	7543	23159	55117	503	33111	37777	0	0	1	1	1	0	0
107	10	1701	29054	23966	24402	32775	7644	7644	55806	17850	60821	13881	19712	37245	5386	54335	1	1	1	0	1	0	0
108	10	4245	3661	21906	31733	6419	7644	7644	60278	24263	3302	64563	50743	6739	22775	59250	0	1	1	0	1	0	0
109	10	23126	30016	29546	25316	24684	7644	7644	35106	51253	53861	27478	49938	17329	12936	52110	1	1	0	0	0	0	0
110	10	26181	15500	19329	18727	4355	7644	7644	4046	22799	42112	31027	58053	43583	8877	17078	0	0	0	0	1	0	0
111	10	22914	7697	11145	7786	13951	7644	7644	34692	18127	25028	55996	54366	59788	3173	21036	1	1	0	0	1	0	0
112	10	20317	16406	19894	11497	13819	7644	7644	21719	61744	9693	2869	4736	29803	7729	53557	0	1	1	1	1	0	0
113	10	21391	896	17748	120	35629	7644	7644	5870	62886	5842	27579	35984	3723	8063	8222	1	0	1	0	1	0	0
114	10	7213	9809	26316	16848	7844	7644	7644	25502	35888	16774	14322	31959	6402	54583	53227	0	0	1	0	1	0	0
115	10	18797	12801	29392	33777	4117	7644	7644	63064	26638	49782	46177	58864	60042	17745	34997	0	0	0	1	1	0	0
116	10	7378	20764	8410	10786	2846	7644	7644	11845	27245	22461	46143	16220	9894	22441	15020	1	1	0	1	1	0	0
117	10	29773	8426	34421	10086	34347	7644	7644	2958	63994	23294	40218	46848	2761	26161	50450	1	0	1	0	1	0	0
118	10	30834	19874	32280	31415	29816	7644	7644	41137	8128	46949	5895	12096	2605	56080	3429	1	0	1	0	1	0	0
119	10	11029	34755	20426	30177	7436	7644	7644	7660	34777	49560	38035	61664	21943	53483	22210	0	0	0	0	1	0	0
120	10	2088	3561	22683	3533	12985	7644	7644	15943	41745	50325	26621	65185	6242	51706	57643	1	1	1	1	1	0	0
121	10	18413	11460	31524	13726	32162	7644	7644	27784	49108	16357	47757	50995	59240	37074	10463	0	1	1	1	1	0	0
122	10	25281	15523	9767	13132	23742	7644	7644	2233	24591	3026	65230	20503	31571	31904	27445	0	1	1	1	0	0	0
123	10	6860	21342	29448	8105	11871	7644	7644	29232	277	19985	12592	31893	40129	46037	62315	1	0	0	0	1	0	0
124	10	484	31504	5389	16995	26112	7644	7644	3350	20646	407	58176	10350	54668	52657	65341	1	0	0	0	1	0	0
125	10	32217	6003	26078	8244	14430	7644	7644	41242	34232	59381	15652	32108	41056	26516	52627	1	0	0	1	1	0	0
126	10	34953	6267	32333	35198	20385	7644	7644	40516	55364	7698	59309	31822	58667	64062	56409	0	0	1	0	0	0	0
127	10	33687	7709	2975	10712	11811	7644	7644	59919	40176	64536	24951	29470	5916	20718	17616	1	1	1	0	0	0	0
128	10	26385	16922	4415	20753	22078	7644	7644	44132	41605	63607	64799	31212	19682	15205	60815	1	0	1	0	1	0	0
129	10	4942	10	10028	23204	307	7644	7644	7802	26882	46582	29035	12542	33630	35202	61923	1	1	0	1	0	0	0
130	10	30271	33425	21166	34207	17979	7644	7644	17151	37057	30803	36847	24526	64085	27706	28290	0	1	0	1	1	0	0
131	10	5503	17891	4052	10836	22849	7644	7644	12755	45556	34460	38298	39025	60351	1425	44679	0	0	0	1	0	0	0
132	10	19455	26761	22302	19181	19193	7644	7644	24668	59152	64954	21583	54694	41927	24405	28838	1	0	1	0	1	0	0
133	10	20080	5962	1843	34401	8078	7644	7644	33518	34690	57392	10722	16956	41043	27890	12026	1	1	0	1	1	0	0
134	10	24216	26651	16662	16721	20322	7644	7644	33208	56293	40464	61133	4567	49884	14773	44213	1	1	0	0	1	0	0
135	10	23310	9723	29046	29006	31910	7644	7644	6805	62251	51007	34906	48746	13572	63461	47036	0	0	0	1	0	0	0
136	10	28404	30378	31855	32702	22112	7644	7644	11	24516	54333	50073	51867	34611	58820	21452	0	0	1	0	0	0	0
137	10	29648	18115	6015	26659	16245	7644	7644	58058	12262	60360	59281	1695	40824	30870	3203	1	1	0	1	0	0	0
138	10	12953	24729	31018	9047	7773	7644	7644	38648	65489	10716	31070	24277	52045	39256	47928	1	0	1	1	1	0	0
139	10	21024	7396	24735	9049	29056	7644	7644	8904	49816	60301	10503	26446	35654	5778	17408	0	0	0	1	0	0	0
140	10	26898	11785	2514	30418	3699	7644	7644	55241	7331	16998	25828	54791	49312	12083	23484	1	1	1	1	0	0	0
141	10	22299	5120	18374	33303	27457	7644	7644	58394	57125	29072	50294	17088	22100	5460	49835	0	0	0	1	1	0	0
142	10	35343	34124	24993	17422	19617	7644	7644	63989	28015	43359	15315	18863	6924	48061	36318	0	0	1	1	0	0	0
143	10	6993	19409	10384	27947	763	7644	7644	51240	19722	57893	22337	25776	20057	59070	63491	1	0	1	1	0	0	0
144	10	13500	13268	19869	1068	1551	7644	7644	65310	43247	41481	55832	21344	3856	25184	4790	0	1	1	1	1	0	0
145	10	27897	30094	17055	11151	20762	7644	7644	35523	64459	42884	18293	22153	46777	31140	11751	1	1	0	0	0	0	0
146	10	27923	10745	8466	10536	31190	7644	7644	39218	25326	22903	56633	64271	58988	34756	9152	0	0	0	0	0	0	0
147	10	4323	13489	13742	2815	808	7644	7644	62090	4440	42638	9043	14722	50706	46757	36257	1	1	1	1	1	0	0
148	10	1633	15379	10812	27362	7119	7644	7644	40061	9689	11810	33169	64860	5650	63166	58652	1	0	1	1	0	0	0
149	10	16966	27554	24568	27910	33251	7644	7644	44106	28792	25646	63072	40572	38072	5239	8269	0	0	1	1	0	0	0
150	10	23121	35031	5282	1201	3306	7644	7644	7920	52272	5706	3194	43086	31583	59186	22819	0	1	1	1	1	0	0
151	10	11055	5864	4913	2426	31207	7644	7644	50120	60069	46738	48997	35818	34345	36843	47015	1	0	1	0	0	0	0
152	10	1385	29206	31003	22181	15228	7644	7644	13202	50341	22692	29644	38394	30976	19360	29110	1	0	1	1	0	0	0
153	10	23390	5336	13145	19104	14728	7644	7644	2067	45734	64522	33108	2036	12088	15464	23749	0	0	0	0	1	0	0
154	10	11619	18793	2235	30724	33402	7644	7644	49866	15625	35329	29416	48703	59918	41157	63467	1	0	0	1	1	0	0
155	10	33477	5623	22257	894	183	7644	7644	31583	15641	62716	41965	25071	39760	12507	41327	1	1	1	0	0	0	0
156	10	18933	34999	23577	7243	11642	7644	7644	8037	26752	45730	63980	15283	50153	35418	51048	0	1	1	1	1	0	0
157	10	1338	13607	2784	28436	25258	7644	7644	12904	64648	17520	65286	39357	5775	14065	48527	1	1	1	1	0	0	0
158	10	29643	11699	35368	8271	1588	7644	7644	63755	65514	51293	61614	48859	12101	2268	37162	1	1	0	1	0	0	0
159	10	34456	19996	4174	8725	1089	7644	7644	50257	29877	28595	6891	6624	1291	1280	57514	0	0	1	1	1	0	0
160	10	17490	18447	3352	16769	7151	7644	7644	9561	15931	44381	15896	7837	48884	28503	3492	1	1	1	0	1	0	0
161	10	24742	4162	19295	21737	24848	7644	7644	33828	3654	1253	45175	45257	31947	56167	32322	1	0	1	0	1	0	0
162	10	19533	6247	17106	28359	25550	7644	7644	11137	3612	14878	56175	37187	13224	60173	18258	1	1	0	0	0	0	0
163	10	35290	9668	4015	31694	23457	7644	7644	39276	39688	21798	1167	48645	18616	39071	31700	0	0	0	0	0	0	0
164	10	24242	22378	5502	19164	18380	7644	7644	56351	2547	17057	32253	57149	17521	57344	30991	0	0	1	0	0	0	0
165	10	5660	34354	26173	34268	12479	7644	7644	21762	51653	36176	36793	64119	57664	47639	6733	1	1	0	1	1	0	0
166	10	16201	11403	25811	35192	2674	7644	7644	9535	25631	62651	3021	17633	17061	6764	25963	1	1	0	0	0	0	0
167	10	8201	25004	23380	27235	5531	7644	7644	16284	14278	49828	46519	50123	59144	5523	40688	1	0	0	0	1	0	0
168	10	33276	13873	18254	10112	35779	7644	7644	14879	31749	31982	48814	22845	17005	4938	57269	1	0	1	0	1	0	0
169	10	2823	25822	9545	9001	21096	7644	7644	27639	54423	15760	56569	40188	5146	31081	30103	1	1	0	1	0	0	0
170	10	24028	28712	34375	11695	35399	7644	7644	2415	57948	9301	12935	11448	1982	48798	38114	0	0	0	1	1	0	0
171	10	21175	3948	32557	10275	7860	7644	7644	60937	18282	330	61833	38494	4210	39125	2698	1	0	1	0	1	0	0
172	10	21471	11406	18976	16394	27229	7644	7644	58543	11198	15155	41153	29624	33380	40622	10111	1	1	0	1	1	0	0
173	10	7010	35715	22420	32922	4861	7644	7644	31890	33369	40000	15611	52434	64891	31713	58928	0	0	1	0	1	0	0
174	10	23335	11260	35989	29228	6526	7644	7644	31248	13134	12847	63414	45804	38142	49774	52222	0	0	1	1	0	0	0
175	10	5149	10727	482	33789	29800	7644	7644	12936	64039	53582	19684	25486	54971	16415	18311	1	1	1	1	0	0	0
176	10	14916	24731	17923	17516	17665	7644	7644	10512	2931	1458	23064	11337	53357	756	55054	1	1	1	0	1	0	0
177	10	4296	33892	2818	28901	1350	7644	7644	5343	40474	62106	2323	29067	24495	8251	6384	0	1	1	0	1	0	0
178	10	21257	31523	14880	14040	13969	7644	7644	31139	17501	31834	52403	40674	63283	41104	36409	0	0	0	1	0	0	0
179	10	29921	28541	31504	5066	13053	7644	7644	39348	59538	9806	25164	50288	65016	46431	12058	0	1	1	0	1	0	0
180	10	23657	10078	26856	18529	33174	7644	7644	65176	8900	11785	61671	7306	51193	46786	64438	0	1	0	1	1	0	0
181	10	19896	16770	8751	11784	8520	7644	7644	45907	60925	5822	5021	38100	65449	141	54583	1	0	1	0	0	0	0
182	10	11520	35790	29924	26288	29621	7644	7644	52338	22991	53887	1799	24008	18126	48955	35677	0	0	1	1	0	0	0
183	10	35891	31518	32190	34281	25212	7644	7644	54377	38495	60385	10715	5810	21789	16159	17374	0	0	1	0	0	0	0
184	10	32495	22787	33750	32309	30327	7644	7644	28934	41298	49729	46210	38500	55895	29905	43830	1	1	1	0	1	0	0
185	10	16314	34165	7639	20428	19035	7644	7644	55	35808	20972	28509	10327	56870	26556	5682	1	0	0	0	0	0	0
186	10	34665	25919	20524	6278	8744	7644	7644	36368	26874	17972	9256	54700	4116	37132	11076	1	1	1	0	1	0	0
187	10	30104	34368	3408	2583	5634	7644	7644	38579	52763	59084	35584	47596	5228	37996	12645	0	0	1	0	1	0	0
188	10	20843	10609	13888	34127	18731	7644	7644	48167	55374	42714	18469	54835	4256	43729	44583	0	0	1	0	0	0	0
189	10	93	3745	25894	9223	15860	7644	7644	31572	25407	3202	46457	9226	24521	30915	30699	1	0	1	1	0	0	0
190	10	25498	2605	33434	31413	35272	7644	7644	1509	35551	45887	40772	61467	55220	14942	36097	1	0	1	1	0	0	0
191	10	13734	16675	15480	32294	30924	7644	7644	35992	58143	58967	64727	10350	17302	63315	5771	1	0	1	0	1	0	0
192	10	1051	1194	18114	3280	28758	7644	7644	56655	58267	6548	23864	43105	7217	26782	7486	1	1	1	1	1	0	0
193	10	1638	35245	8426	34820	28027	7644	7644	23884	16357	15748	23653	14949	20220	31288	49532	1	0	1	0	0	0	0
194	10	9433	2713	34373	18546	34571	7644	7644	2322	13962	24109	56886	41438	61490	27326	11796	1	1	0	1	0	0	0
195	10	13318	4100	30514	11809	28639	7644	7644	17949	442	5790	23020	64671	56664	55813	42098	1	0	0	1	0	0	0
196	10	31787	6250	33614	5426	10460	7644	7644	41993	37747	58441	30789	54263	51069	12634	40648	0	0	0	1	0	0	0
197	10	19427	18604	14741	23690	14200	7644	7644	63015	37959	41172	56615	11069	15159	38230	37877	0	1	0	1	0	0	0
198	10	34974	6182	32572	3533	16161	7644	7644	22540	28528	46892	19479	32051	34088	24203	26288	1	0	0	1	1	0	0
199	10	28788	17027	18826	841	16156	7644	7644	41203	36251	63426	28743	16099	48345	36995	6382	1	0	1	0	1	0	0
200	10	22304	3553	22646	29270	6755	7644	7644	22822	39205	37202	54271	60517	44023	4006	62886	1	1	0	0	1	0	0
201	10	21752	17623	20362	18314	13818	7644	7644	31743	27007	48647	3369	39054	14713	59621	15992	1	1	0	1	1	0	0
202	10	32797	22718	6589	11248	27402	7644	7644	1343	41516	25905	7413	5907	17349	43925	59001	1	1	1	1	1	0	0
203	10	32188	34471	20607	9032	24531	7644	7644	39040	6976	23251	54621	17836	25720	48840	60298	1	1	1	0	1	0	0
204	10	28782	24860	15687	5108	30571	7644	7644	26013	19954	37954	62183	57924	31602	12927	59015	0	0	0	1	0	0	0
205	10	16865	9498	21151	28161	26538	7644	7644	2747	61333	46193	26317	40668	64541	11461	48302	1	1	0	0	1	0	0
206	10	35095	5045	17560	24121	13187	7644	7644	21826	55168	20242	9672	49513	57513	56063	54397	0	1	0	0	0	0	0
207	10	13021	727	29034	21516	26155	7644	7644	47843	63490	15158	8160	57205	20598	44625	23086	1	0	0	0	0	0	0
208	10	30311	4821	11959	25660	16449	7644	7644	62576	39370	63351	20731	34796	41878	52635	9128	1	1	1	0	1	0	0
209	10	34249	14396	1651	12086	6532	7644	7644	26336	58142	42410	15142	21984	3692	29311	42736	0	0	1	1	1	0	0
210	10	18632	2784	12313	1638	942	7644	7644	16754	22205	45008	13231	51912	37681	58342	20349	1	1	0	0	1	0	0
211	10	25825	11125	31130	2198	31811	7644	7644	19955	25688	48559	19367	4458	10774	10152	50420	0	0	0	0	0	0	0
212	10	30081	8985	26581	33032	22729	7644	7644	55409	8940	59041	59363	1274	8808	2273	45105	0	1	0	1	1	0	0
213	10	31335	35570	32544	9224	5237	7644	7644	2175	23401	58092	39397	30782	44858	7514	34741	1	0	1	1	0	0	0
214	10	10193	21972	21143	2636	19378	7644	7644	43756	38392	49281	40259	30883	45290	338	18353	1	1	0	0	0	0	0
215	10	25642	14281	23541	3562	11520	7644	7644	60598	22491	53449	45921	17608	21187	14095	5685	1	1	1	1	0	0	0
216	10	32707	25107	14686	620	24992	7644	7644	61610	34599	25791	30662	57070	51772	28937	1	1	1	0	1	0	0	0
217	10	14191	274	3398	1374	13916	7644	7644	8194	20051	49316	60399	26820	9555	49920	9000	1	0	0	1	0	0	0
218	10	26996	9691	30503	33189	19261	7644	7644	24203	19615	43588	8211	31964	15560	44785	17780	1	0	0	1	0	0	0
219	10	34729	20941	24435	19378	15439	7644	7644	27484	58070	55690	624	30783	47007	59658	39061	1	0	1	0	0	0	0
220	10	18424	22364	23431	19112	9818	7644	7644	30296	17380	9347	43330	60060	52911	37585	4213	1	0	0	1	0	0	0
221	10	10390	23748	25146	27811	36	7644	7644	58631	7893	60491	47016	43723	44060	26673	60104	1	0	0	0	1	0	0
222	10	7707	33368	26202	12764	35923	7644	7644	61411	28316	22882	34834	44671	38518	10920	6685	0	0	1	0	0	0	0
223	10	33962	34774	35764	35393	16336	7644	7644	33071	54598	29204	43009	17197	56194	64894	58795	0	1	0	0	1	0	0
224	10	32228	28379	26859	32243	18912	7644	7644	419	20803	9252	57095	18410	13802	54860	36234	1	0	1	1	0	0	0
225	10	5183	12668	9719	4121	12909	7644	7644	14892	39826	12383	14293	9320	4590	41050	12655	0	1	1	1	1	0	0
226	10	19363	30552	24438	5297	23144	7644	7644	6735	50363	56178	12800	1685	41061	16858	42777	1	1	0	0	0	0	0
227	10	30339	11434	26489	18690	4526	7644	7644	64317	16990	29960	40273	59966	63593	38094	6554	1	1	0	0	1	0	0
228	10	13656	25846	31	33470	17707	7644	7644	9460	16586	61187	6534	36420	12188	35071	744	0	1	0	0	0	0	0
229	10	12120	11580	10316	19976	29163	7644	7644	45831	36594	56350	29535	47857	25752	25072	30216	0	1	0	0	0	0	0
230	10	16915	30046	23012	14233	24054	7644	7644	5154	36746	1414	56196	57841	50998	10826	3056	1	1	0	0	0	0	0
231	10	23182	12685	11738	1447	5684	7644	7644	62012	63285	30434	65535	61079	30965	26870	25382	1	1	0	0	0	0	0
232	10	22931	5602	8644	14761	17330	7644	7644	39128	26522	29443	62157	31171	3705	51039	37866	1	0	0	0	1	0	0
233	10	24124	12167	30785	22773	13071	7644	7644	19624	65424	40747	25601	29657	52781	1617	25856	1	1	1	1	1	0	0
234	10	23826	32244	14483	14085	33755	7644	7644	29536	42136	26832	2063	1022	36802	6285	25648	1	0	1	1	0	0	0
235	10	28058	9160	5271	13238	24809	7644	7644	62679	43072	33402	34427	8846	32141	39089	4638	0	1	0	1	1	0	0
236	10	33417	14104	27085	8863	21794	7644	7644	58865	11838	64288	46905	32849	44315	51883	14729	0	1	0	0	0	0	0
237	10	564	20076	27641	26129	3395	7644	7644	7414	55657	60346	23134	33589	45553	56241	10172	1	1	1	0	0	0	0
238	10	7044	24988	6349	24841	20513	7644	7644	21761	6798	14681	53729	24887	23038	29072	37474	1	1	1	0	0	0	0
239	10	30919	33511	29669	13176	11159	7644	7644	49779	46916	45834	46663	47531	14286	32805	45295	1	0	1	0	0	0	0
240	10	20149	2660	10906	35609	13476	7644	7644	52967	25433	48789	51368	64650	62442	2353	46456	1	1	0	1	1	0	0
241	10	9454	12648	4673	17720	34778	7644	7644	52123	37518	51025	4724	49474	60451	44865	13966	1	1	0	1	0	0	0
242	10	8008	27543	3037	18820	5133	7644	7644	45094	18679	58139	649	54625	61264	10456	61427	1	1	0	1	1	0	0
243	10	14712	28103	5390	12668	13373	7644	7644	49211	22326	34386	48291	46633	56073	53620	49638	0	1	0	1	0	0	0
244	10	30871	5107	26213	18628	11179	7644	7644	60236	34212	62079	31974	58202	30753	54092	47563	1	1	0	0	0	0	0
245	10	26906	30404	253	25866	21723	7644	7644	57941	9548	23905	30918	37167	44179	8247	20460	1	1	1	1	1	0	0
246	10	30199	28432	14406	12133	7886	7644	7644	57355	41010	36851	7751	25188	15965	19985	5950	0	0	0	0	0	0	0
247	10	15033	29609	8597	8837	5536	7644	7644	8920	48365	32843	63743	4993	48775	58759	40885	0	1	1	1	0	0	0
248	10	20246	13770	3280	13731	32366	7644	7644	16386	25960	20671	44286	55765	49991	37310	60184	0	1	0	1	0	0	0
249	10	29178	35131	7847	34601	34734	7644	7644	21977	56666	63970	23896	1399	3079	48342	29943	0	0	0	0	1	0	0
250	10	19262	20866	11691	20968	29996	7644	7644	55970	46841	61493	63902	60392	61637	59261	24356	1	1	1	1	1	0	0
251	10	27230	26011	14693	25735	2349	7644	7644	38482	41471	45878	56080	59009	52511	41038	35287	0	1	1	1	0	0	0
252	10	35348	9821	24100	10601	2256	7644	7644	53252	41156	49337	57065	31428	8078	57330	6834	0	0	0	0	1	0	0
253	10	1845	35225	20765	18121	15322	7644	7644	57766	19537	64076	28618	34776	20907	33065	41612	0	0	1	1	0	0	0
254	10	28475	20692	26827	17225	23157	7644	7644	14469	6717	36281	53494	1018	40158	36042	53575	0	0	0	0	1	0	0
255	10	10014	14353	26571	30737	26535	7644	7644	10784	22621	33287	9869	44797	9261	61892	23172	0	1	0	1	1	0	0
256	10	14181	29102	14350	7693	26787	7644	7644	56123	3778	14180	62551	38103	39862	51066	45919	0	1	1	0	0	0	0
257	10	6915	30812	26377	11876	15114	7644	7644	46223	21420	22961	1602	7903	46881	51171	11916	1	1	1	1	1	0	0
258	10	26548	17670	27402	35062	10447	7644	7644	3643	22457	22543	25344	14705	56341	11579	2840	1	1	0	0	1	0	0
259	10	20072	10900	14853	20053	637	7644	7644	19241	40684	3756	54033	57680	57673	63831	51694	1	1	1	1	0	0	0
260	10	14586	35189	10929	11529	15411	7644	7644	63127	51395	34757	26208	62453	44516	49336	23564	0	1	0	0	1	0	0
261	10	14982	16267	7606	17778	2534	7644	7644	29919	54027	11268	48121	17806	62061	52145	21313	0	1	1	1	0	0	0
262	10	22367	2468	35923	35068	2218	7644	7644	7223	46516	4675	5607	7209	5665	5679	50356	1	0	0	0	1	0	0
263	10	17387	4099	18863	34184	13437	7644	7644	11737	282	29274	45733	10088	19005	24698	9445	0	1	1	1	0	0	0
264	10	9941	34955	13083	8174	32855	7644	7644	54463	40575	55094	45591	22114	2466	31721	23490	0	0	0	0	0	0	0
265	10	21104	4069	27262	30173	22382	7644	7644	55448	7292	44400	987	36083	45765	53855	47520	1	1	0	0	0	0	0
266	10	34822	371	32167	7040	13207	7644	7644	62976	44705	36368	11596	60797	19598	9080	54833	0	1	0	1	1	0	0
267	10	28670	843	23498	31734	12395	7644	7644	40864	59656	47832	21176	57650	31030	23734	62729	1	1	0	1	0	0	0
268	10	19706	5057	26005	19412	12939	7644	7644	47213	25390	36909	13856	31049	49656	59172	56756	1	0	0	1	0	0	0
269	10	26624	31644	17361	3554	28608	7644	7644	53634	33069	9815	25539	56445	21553	35791	1995	1	1	0	0	0	0	0
270	10	25434	26546	7777	30355	32647	7644	7644	28974	778	63511	6554	48466	15168	24646	51266	0	1	1	1	1	0	0
271	10	33629	3956	14979	1315	19706	7644	7644	55418	11636	50178	7203	23549	55046	5265	39148	0	0	1	1	0	0	0
272	10	13805	5781	9191	33173	34968	7644	7644	24459	15262	2623	11029	51571	8354	41832	11164	0	0	0	1	1	0	0
273	10	15330	4353	13624	2104	31421	7644	7644	14179	51684	19173	61141	43420	50282	10926	27638	1	1	0	1	0	0	0
274	10	30439	2468	31667	34560	25271	7644	7644	7804	25892	56549	15480	22277	48951	45552	25598	1	0	0	0	0	0	0
275	10	27883	7689	19952	8314	25231	7644	7644	5531	52186	47631	59514	60848	31801	52824	65404	0	1	1	1	0	0	0
276	10	23275	2432	12417	26075	30766	7644	7644	31242	17427	28622	57410	44248	45621	7522	48870	0	0	1	0	0	0	0
277	10	15965	31480	32460	10621	35719	7644	7644	37688	1238	20153	44888	18981	11275	45238	21595	0	1	1	1	0	0	0
278	10	35247	32162	11927	24144	19589	7644	7644	12506	42967	62269	8096	3144	64974	37950	16361	1	0	0	1	0	0	0
279	10	6058	23968	21458	35330	25261	7644	7644	41854	45971	54268	64794	14505	36864	37344	47411	1	0	1	1	0	0	0
280	10	1562	13480	15127	25599	28876	7644	7644	34917	45673	28667	2161	24440	41233	8059	42792	0	1	1	0	1	0	0
281	10	19558	3388	19845	20263	14025	7644	7644	53395	54981	628	22764	42409	56760	33490	24768	1	0	1	0	1	0	0
282	10	12135	9124	19918	24856	20904	7644	7644	52502	63789	26205	13333	32612	29261	25107	26034	0	1	0	0	0	0	0
283	10	5850	12279	6824	31997	13505	7644	7644	10790	10127	26108	59328	37243	48812	54245	13398	0	1	1	1	1	0	0
284	10	30275	27070	8863	33223	27785	7644	7644	2982	28256	12979	4035	8642	6996	24274	36742	1	1	0	0	0	0	0
285	10	2653	27675	10309	31391	14514	7644	7644	33473	22892	51926	29417	40149	33674	4630	21441	1	0	0	0	0	0	0
286	10	10960	32141	2677	19986	24222	7644	7644	17325	42321	36234	57921	2372	31231	52682	33604	1	1	0	1	1	0	0
287	10	7641	25927	9635	33453	23467	7644	7644	55270	54192	46041	32233	63212	15344	39000	62151	1	0	1	1	0	0	0
288	10	18935	25599	30332	7886	34735	7644	7644	57298	9850	40662	3416	23504	34406	2075	26401	1	1	1	1	1	0	0
289	10	24754	18783	9783	18653	27727	7644	7644	6819	23763	51739	12334	47050	25922	20499	47494	0	1	0	1	1	0	0
290	10	2165	23451	14300	30583	32922	7644	7644	4285	51183	12969	31848	5760	35023	35646	57339	1	0	1	1	0	0	0
291	10	33428	11669	7204	25166	8136	7644	7644	49979	61081	1662	20009	7197	30393	4399	38254	1	1	1	0	0	0	0
292	10	32885	23133	11588	13148	33230	7644	7644	19130	31923	64194	48230	12089	27040	37671	21478	0	1	1	0	0	0	0
293	10	8587	18772	32168	1424	196	7644	7644	55456	36395	22222	3865	22722	61562	8121	7498	1	0	1	1	0	0	0
294	10	14913	30808	33108	15416	7823	7644	7644	34675	6807	44253	43074	65390	6628	25056	49991	1	0	1	0	0	0	0
295	10	5619	11784	9525	28655	35650	7644	7644	21066	11542	37301	58536	26285	9676	47222	27139	1	1	1	0	0	0	0
296	10	35146	30147	29522	25759	2802	7644	7644	19720	40440	61178	36538	42985	634	16063	62316	1	1	1	0	1	0	0
297	10	10998	28760	22687	21811	15952	7644	7644	1962	38582	12524	23156	46633	36107	30445	38012	0	1	1	0	0	0	0
298	10	35273	33502	21735	23878	32392	7644	7644	61669	60945	55104	56682	32487	48528	42961	1135	1	0	0	1	0	0	0
299	10	9856	25796	9144	17598	13806	7644	7644	5812	64498	53669	3368	43891	27478	29010	53360	1	0	1	0	0	0	0
300	10	5482	2260	32036	17686	18579	7644	7644	7792	9578	33440	47931	36273	64272	7372	52461	1	0	1	1	1	0	0
301	10	21725	19623	24220	10760	19923	7644	7644	63957	12510	57290	36188	32952	41472	40263	23551	0	1	0	1	0	0	0
302	10	18233	22270	18487	30883	23439	7644	7644	7067	43300	63699	40726	42070	51739	56816	20995	1	1	1	0	0	0	0
303	10	24399	33687	6020	21256	34157	7644	7644	7967	13223	164	37257	16856	61988	14232	29137	1	1	1	0	0	0	0
304	10	26635	27199	24403	9944	10978	7644	7644	12164	33635	36614	38762	46408	53862	4796	42163	0	0	0	1	1	0	0
305	10	17663	26655	1076	24578	18465	7644	7644	53144	61239	18280	11104	55986	46066	23492	16473	1	0	1	1	1	0	0
306	10	7526	8030	10777	35646	35343	7644	7644	58954	36820	50482	34683	5786	4140	1688	62518	1	1	1	0	1	0	0
307	10	28887	11018	20388	32193	23177	7644	7644	44361	58231	55006	64002	25233	25	30264	27851	0	1	1	0	0	0	0
308	10	11212	24806	11970	33532	28791	7644	7644	54059	55259	1819	13885	36062	59922	13641	55682	1	1	0	1	0	0	0
309	10	6149	12947	33109	33906	12585	7644	7644	31858	33804	15995	52779	23643	59968	5214	59575	0	1	0	1	0	0	0
310	10	11011	9408	3214	29229	33947	7644	7644	27489	33363	40566	39822	60045	26006	45611	42301	1	0	1	1	1	0	0
311	10	23267	29993	14489	5132	6118	7644	7644	58610	29603	13706	6906	62235	39373	29886	7265	0	0	1	1	0	0	0
312	10	20720	33239	4792	25543	29774	7644	7644	18048	21532	37933	61552	19755	11065	8394	6489	1	0	0	0	0	0	0
313	10	11552	8305	2565	11282	2895	7644	7644	12497	15293	16508	51502	18870	33618	7553	7107	1	0	1	1	0	0	0
314	10	3977	12382	11264	5673	25526	7644	7644	15009	13266	49069	21467	39783	21758	1967	44299	0	1	1	0	1	0	0
315	10	34275	26269	16434	16290	13828	7644	7644	12354	18338	3351	48814	41746	53826	10675	34075	0	0	1	1	0	0	0
316	10	24323	15335	31822	33404	25620	7644	7644	28763	33017	53209	32475	131	61487	17482	60883	0	1	0	1	1	0	0
317	10	24754	9822	22713	6597	8320	7644	7644	61971	46339	31669	24686	30178	34655	27763	62941	0	0	0	1	1	0	0
318	10	26363	34042	1376	35554	12028	7644	7644	33579	64794	9371	54421	2351	43356	13153	8440	1	0	0	0	1	0	0
319	10	6186	9284	1531	377	21582	7644	7644	40306	53703	47806	5153	30535	18956	49964	49863	1	0	0	0	1	0	0
320	10	23330	34539	10705	33489	32215	7644	7644	21095	29032	48203	62485	4302	55730	59116	51308	1	1	0	1	0	0	0
321	10	20849	2583	6281	24463	10681	7644	7644	10197	61415	54017	25942	65047	46903	59611	42642	1	1	0	1	1	0	0
322	10	18948	35811	33437	14557	19792	7644	7644	46889	11752	38766	32584	10632	4336	52874	52192	1	0	0	1	1	0	0
323	10	8920	33067	9993	21477	9376	7644	7644	57660	16421	13904	58686	5056	40697	57790	334	0	0	1	0	0	0	0
324	10	12292	15116	1883	10815	5690	7644	7644	22519	52093	49553	45148	3839	46348	17044	51881	1	1	1	1	0	0	0
325	10	5866	14072	19371	17925	31904	7644	7644	7592	51481	12195	32903	55073	52574	14765	30560	1	1	1	1	1	0	0
326	10	20411	34540	15359	34368	6924	7644	7644	1446	4298	33855	10219	34378	27141	20911	24478	0	1	1	1	0	0	0
327	10	13050	26084	9425	21020	22740	7644	7644	63178	41080	12080	448	20751	56519	65122	39097	0	1	0	1	0	0	0
328	10	14097	115	25585	920	14395	7644	7644	28237	63460	53669	46527	64768	23535	51253	490	1	1	0	1	1	0	0
329	10	10864	42	25551	27919	17583	7644	7644	25251	30394	38701	37415	18529	47250	37128	10142	0	1	1	0	1	0	0
330	10	372	23514	18166	3018	2932	7644	7644	41250	20651	62406	46239	603	24529	35341	35377	1	1	1	0	1	0	0
331	10	20357	28595	7525	14616	2251	7644	7644	6669	1546	53892	28806	57727	47013	53679	51830	1	1	1	1	1	0	0
332	10	35096	26768	8528	31091	3526	7644	7644	20776	8730	17870	4584	46493	14556	10619	58843	1	1	1	0	0	0	0
333	10	6977	14659	27559	35330	33661	7644	7644	12770	34	10454	24631	20454	19624	2529	6493	0	0	1	0	0	0	0
334	10	20813	9885	7173	18936	35073	7644	7644	3254	9416	59760	64022	41204	40167	47222	33572	1	1	1	1	0	0	0
335	10	6404	20394	9077	12308	29946	7644	7644	55419	4154	46947	49310	24940	17295	41535	63264	0	1	0	0	0	0	0
336	10	33792	26835	24731	22627	6860	7644	7644	26736	3719	64609	37687	45478	12134	1126	41882	1	1	0	0	1	0	0
337	10	35624	19877	25951	1720	17978	7644	7644	28773	57413	51353	2330	21267	53617	59584	52268	1	1	1	1	0	0	0
338	10	18002	13540	9282	33670	5614	7644	7644	50646	31831	52180	32493	5223	63955	25796	30102	1	1	1	0	0	0	0
339	10	9204	34892	33516	29015	34453	7644	7644	47075	16032	26553	50967	42715	54562	6162	10879	1	1	0	1	1	0	0
340	10	18082	15178	23579	11758	23182	7644	7644	20901	1213	9804	65228	58735	15658	6881	35066	1	0	0	1	1	0	0
341	10	7	33196	16499	26030	34653	7644	7644	57419	35729	39870	53922	6925	50864	51733	16575	1	0	1	0	0	0	0
342	10	20293	8434	24196	9862	35354	7644	7644	33131	18866	13371	48811	33759	41773	14040	54391	1	1	0	0	0	0	0
343	10	27856	25679	33966	21031	12881	7644	7644	54099	51272	3263	38953	19342	10936	11884	31674	0	1	0	0	1	0	0
344	10	3346	33666	26981	6766	4086	7644	7644	17346	47319	34886	62762	33618	4842	48854	6811	1	1	1	0	1	0	0
345	10	28551	22781	16223	19904	18367	7644	7644	53519	13694	48972	45127	27982	36843	22111	48260	0	1	0	1	1	0	0
346	10	19063	28563	4313	22630	27906	7644	7644	43313	33538	44629	44851	23746	64597	7673	32686	0	1	0	0	0	0	0
347	10	3575	33676	35201	7192	14177	7644	7644	41685	55439	11710	32736	27776	34021	38896	62758	0	0	1	0	1	0	0
348	10	24563	1470	623	12248	16341	7644	7644	58147	47641	13020	43609	48952	25690	25053	34560	1	1	1	0	1	0	0
349	10	11864	16359	27872	31165	5647	7644	7644	726	55810	53041	17380	7317	60115	28415	4638	0	1	0	1	0	0	0
350	10	32814	21889	30321	22422	28759	7644	7644	34735	48213	7672	41789	63124	65020	13045	57681	1	0	0	1	1	0	0
351	10	25501	20096	27700	34572	31111	7644	7644	37160	26664	23893	42137	64801	18103	60006	25200	0	1	0	1	1	0	0
352	10	30625	24409	14111	11504	26181	7644	7644	44764	6643	2766	31857	42451	31021	41659	32435	1	0	0	1	1	0	0
353	10	29832	11315	26023	23747	23280	7644	7644	42966	39356	35940	13235	5452	22706	25821	10149	1	0	1	0	1	0	0
354	10	14053	22377	32992	27166	18659	7644	7644	64216	29898	32346	41369	64657	35576	29761	56722	0	1	1	0	1	0	0
355	10	35553	14078	18105	5597	23573	7644	7644	58574	42231	13078	53760	60609	6015	50321	9172	0	0	0	0	0	0	0
356	10	25355	25272	33145	26970	17234	7644	7644	22125	6167	37978	16920	23055	55877	9807	32588	0	0	1	0	1	0	0
357	10	4302	19711	888	32350	20089	7644	7644	32198	42197	34363	8175	21101	44770	62230	62782	0	0	1	1	0	0	0
358	10	24833	14860	11217	21344	1443	7644	7644	14899	0	33929	54461	7676	28814	52814	16125	1	1	1	0	1	0	0
359	10	3428	23590	31695	22961	4457	7644	7644	19190	1200	62750	63864	45245	15900	63109	13071	0	1	1	1	1	0	0
360	10	32307	27749	30495	8819	10262	7644	7644	30340	57843	54092	47186	6687	63222	62651	12775	1	1	0	0	1	0	0
361	10	12525	3068	7813	9554	18313	7644	7644	39218	33183	31211	44374	23573	40786	5263	51866	0	0	0	1	0	0	0
362	10	1974	12638	35070	16974	30303	7644	7644	60885	64061	45006	34274	1802	65520	1261	38839	0	0	1	1	1	0	0
363	10	10489	6188	4558	26582	16499	7644	7644	21866	16032	5787	27002	59385	18726	56760	38033	0	0	1	1	0	0	0
364	10	17556	27616	2147	24200	14369	7644	7644	59315	63638	7709	17241	38671	22334	50632	19646	0	0	0	0	1	0	0
365	10	10770	33037	10869	23405	30501	7644	7644	50226	40589	42943	9313	54769	60233	31509	22900	1	0	0	1	1	0	0
366	10	12293	7683	18859	15165	1227	7644	7644	58939	11140	45955	6005	21458	6149	12555	54616	0	0	1	1	1	0	0
367	10	14639	35699	584	1963	15549	7644	7644	5626	25385	41920	24198	391	20900	52496	26935	1	0	1	0	0	0	0
368	10	18822	17877	17643	11221	34802	7644	7644	48231	15485	64923	58033	42450	33395	37855	61731	0	0	0	0	1	0	0
369	10	33244	16692	32301	14343	31989	7644	7644	42276	24943	53042	46309	20008	54899	59709	46199	1	1	1	1	1	0	0
370	10	32211	7433	35440	15621	32575	7644	7644	50915	14069	10422	16794	64190	44295	7754	36614	1	1	0	1	0	0	0
371	10	33573	29597	5726	2209	15225	7644	7644	12314	9182	33881	62976	58574	9739	3594	17260	1	1	0	0	1	0	0
372	10	27754	32384	28862	24307	30548	7644	7644	534	4355	21934	35289	8899	60329	44556	62148	1	1	1	0	1	0	0
373	10	29924	14333	12522	21627	20043	7644	7644	2442	59894	51173	15220	55404	50580	32879	1133	1	1	0	0	0	0	0
374	10	3841	29080	22024	688	31442	7644	7644	24151	32331	53694	17989	37523	40429	19819	16812	1	1	1	0	0	0	0
375	10	15906	21213	26130	22340	12466	7644	7644	3468	58548	37957	8186	35993	29151	59027	24689	0	0	0	1	1	0	0
376	10	20297	13627	8733	35022	11100	7644	7644	12242	27027	58396	8911	58653	46005	11676	62377	0	1	1	1	1	0	0
377	10	8267	29541	25360	19467	2500	7644	7644	24339	13584	1347	45286	16409	52245	15039	55948	0	1	1	0	1	0	0
378	10	26934	34912	30344	29248	20579	7644	7644	55022	20326	6268	27181	42258	1489	8282	20488	1	1	1	0	0	0	0
379	10	4021	20209	32995	11375	34654	7644	7644	57161	21774	34169	2652	22642	6868	24366	62751	1	0	0	1	1	0	0
380	10	2966	23037	20956	4185	6367	7644	7644	39149	38461	65193	6790	8062	6013	54866	45999	1	0	0	1	1	0	0
381	10	31621	21603	10509	25	11949	7644	7644	9561	9133	54382	56767	18140	55316	61736	8540	0	1	1	0	1	0	0
382	10	29694	31627	31050	9604	19037	7644	7644	6377	50890	63282	34559	27476	32316	21382	30301	1	0	1	0	0	0	0
383	10	30233	11302	32826	11237	21451	7644	7644	9407	9153	23574	23040	10168	19811	63562	28048	1	1	0	1	0	0	0
384	10	20827	35431	17536	20627	26070	7644	7644	51993	57470	48165	32732	35382	54214	26698	34032	0	0	1	1	1	0	0
385	10	4154	32758	29362	13345	29805	7644	7644	23466	44539	14928	62547	44715	21455	28218	49792	0	0	0	1	1	0	0
386	10	34005	20742	20019	31137	28329	7644	7644	49606	5346	44195	57657	31703	19353	14887	34173	0	0	0	0	1	0	0
387	10	20355	22740	20330	12790	2957	7644	7644	48022	3876	47734	48749	45759	36242	12149	32688	1	0	1	1	0	0	0
388	10	8079	27353	23553	28132	26731	7644	7644	18857	15631	5142	44757	60852	58613	46113	42677	0	0	0	1	0	0	0
389	10	276	25267	588	14958	32803	7644	7644	46373	7480	19095	59835	10132	48070	4914	28504	0	1	0	1	1	0	0
390	10	33199	6568	302	24062	9018	7644	7644	108	26722	24461	27929	29006	44691	32770	63312	0	0	1	1	0	0	0
391	10	9337	7006	30104	27922	30153	7644	7644	20614	48787	27737	23729	6193	28991	36603	8042	0	0	1	0	1	0	0
392	10	29485	28703	14812	32864	938	7644	7644	22220	53722	1192	3149	42128	1954	24074	21465	0	1	0	0	1	0	0
393	10	17358	22931	23863	782	32908	7644	7644	27103	57930	60542	64281	47867	47515	46052	46997	0	1	0	1	0	0	0
394	10	31667	27978	5029	1731	28199	7644	7644	22385	22763	14747	28828	21383	60586	18032	34254	1	0	1	0	1	0	0
395	10	5112	33624	25271	30582	13836	7644	7644	5568	13261	20150	28450	57623	61553	44338	34395	0	1	1	1	1	0	0
396	10	35221	25426	21748	34335	34766	7644	7644	51727	11137	9495	63467	50232	1161	57668	10306	0	0	0	0	0	0	0
397	10	6412	25341	6672	32356	16033	7644	7644	11361	3110	14989	48872	33997	36153	56545	45855	0	1	0	1	0	0	0
398	10	34857	11519	16822	27714	8229	7644	7644	20428	32599	43798	18956	33233	50393	38205	28817	1	1	1	0	0	0	0
399	10	21120	15190	15671	12541	24543	7644	7644	26449	14634	64654	23744	4555	19812	18247	26309	0	1	1	0	0	0	0
400	10	32935	6601	7018	14569	34760	7644	7644	13062	14374	27474	44202	46554	41885	42162	46483	0	1	1	0	1	0	0
401	10	1819	9658	25503	31921	29769	7644	7644	8366	47717	19052	50947	4029	20332	41643	19394	1	0	0	0	0	0	0
402	10	35325	33628	20737	1689	23263	7644	7644	13902	14745	44497	22398	18346	16164	61860	7029	0	0	0	1	0	0	0
403	10	9396	31536	21016	3654	27103	7644	7644	29168	2028	55784	6080	43931	48335	22647	48040	1	0	0	0	0	0	0
404	10	21690	35153	20834	33261	14070	7644	7644	29201	45481	23177	23567	59986	52386	33735	48764	0	0	1	1	0	0	0
405	10	10026	5416	22618	20028	10571	7644	7644	45395	43399	21372	48207	57542	29888	22136	9670	0	1	1	1	1	0	0
406	10	7247	31152	29686	16776	24032	7644	7644	16774	8347	61481	59259	62126	27046	21080	889	1	1	1	1	1	0	0
407	10	16559	20204	30383	32494	420	7644	7644	7580	50849	34598	13777	35850	1141	47707	32516	1	0	1	1	1	0	0
408	10	4970	28781	34064	29216	34749	7644	7644	45192	53010	11729	3951	17876	1200	10828	65092	1	0	0	1	0	0	0
409	10	11787	20995	24255	6545	18333	7644	7644	26218	35270	45076	2763	15825	36564	13537	1437	1	0	0	1	0	0	0
410	10	2536	33391	13555	23915	16337	7644	7644	14530	42772	48923	52442	53887	25144	25729	51580	0	0	1	0	0	0	0
411	10	29794	12495	4657	33357	31656	7644	7644	8787	7791	42721	42772	54137	56594	24694	62311	1	0	0	0	0	0	0
412	10	16091	3604	30458	2110	21139	7644	7644	39662	40228	2905	4707	27734	41710	48685	18848	1	1	1	0	0	0	0
413	10	31991	33820	20537	8599	1955	7644	7644	32064	52159	47898	15665	14881	51940	25340	42979	0	1	0	1	0	0	0
414	10	10495	17288	7649	921	7142	7644	7644	22333	10036	18530	31847	4549	54081	52522	16002	0	1	0	1	0	0	0
415	10	12559	21294	32962	25365	34700	7644	7644	1490	55748	14273	51989	63488	18669	53730	12958	0	0	1	1	1	0	0
416	10	32128	4817	34636	11351	10198	7644	7644	3386	13538	28516	61356	17682	9268	39999	25991	0	0	1	1	1	0	0
417	10	35660	31013	23191	10469	19484	7644	7644	2890	6999	25291	55786	49035	48244	24348	24956	1	1	0	1	1	0	0
418	10	26642	20817	24476	22769	27878	7644	7644	28323	30194	17249	20013	26523	61321	61225	27687	1	1	0	1	0	0	0
419	10	4975	27319	11110	18458	9573	7644	7644	34116	5242	39526	61639	16310	9361	20342	47233	0	1	1	1	0	0	0
420	10	15501	32352	3846	6907	17755	7644	7644	34542	16937	22033	56350	17248	32873	22506	33373	1	1	1	0	0	0	0
421	10	2181	33619	407	409	29360	7644	7644	65202	174	54701	20885	61796	6295	28752	3824	1	0	1	1	1	0	0
422	10	16441	9800	11951	6992	33730	7644	7644	42209	10129	6706	59518	22794	10492	16637	18669	1	0	0	1	0	0	0
423	10	21864	29875	25007	3276	22470	7644	7644	131	5758	20449	39119	39115	23898	30950	12884	0	0	0	0	0	0	0
424	10	26308	25201	1400	11361	10739	7644	7644	25708	48106	56842	41762	36500	15753	29737	51679	0	1	1	0	1	0	0
425	10	6484	15801	21854	23738	19918	7644	7644	50006	37252	32475	61379	26995	33407	36439	40699	0	1	0	0	1	0	0
426	10	7164	3904	12655	15329	28778	7644	7644	32485	30572	43906	39861	16217	7434	23064	42053	0	1	0	0	0	0	0
427	10	16932	34361	20979	22674	17375	7644	7644	42597	33267	35627	8401	951	55214	17658	10847	0	0	0	0	1	0	0
428	10	22671	25323	26237	10798	6973	7644	7644	25228	53782	64363	38605	26187	58270	13605	36246	1	0	0	1	0	0	0
429	10	28576	34368	14820	31303	25720	7644	7644	1558	60759	40341	26011	15543	53557	60609	50755	0	1	0	1	0	0	0
430	10	30784	25509	16983	32212	15808	7644	7644	60344	50861	61917	5486	4314	44560	1594	30034	0	1	0	1	0	0	0
431	10	33705	34363	8961	28678	1929	7644	7644	52449	43036	37413	63160	58387	30960	11274	42468	1	0	0	0	1	0	0
432	10	18075	7976	29917	13550	12766	7644	7644	10525	42524	51883	61165	43852	28261	63073	34967	1	0	0	0	1	0	0
433	10	7740	14508	6909	22476	35185	7644	7644	43583	38837	11343	21711	26228	64242	16281	64504	0	1	0	1	0	0	0
434	10	16390	27810	8867	21617	32760	7644	7644	34206	1466	24479	3143	34429	5019	41827	49828	1	0	1	0	1	0	0
435	10	16273	33767	22549	35790	2464	7644	7644	55287	47922	25793	11370	24897	3686	8411	11776	0	1	0	0	1	0	0
436	10	4154	22885	31176	30735	23836	7644	7644	40997	39374	57313	5701	15536	11917	17921	20105	1	1	0	1	0	0	0
437	10	10659	14488	35473	31043	6505	7644	7644	45068	47959	27678	44257	6071	20260	64655	55742	0	0	1	1	0	0	0
438	10	4801	6921	13152	30695	7929	7644	7644	45205	63982	47837	61799	64153	51094	42018	16188	1	0	1	0	1	0	0
439	10	3992	5417	16361	18373	34557	7644	7644	42468	13855	33672	58600	7961	64087	28893	9689	1	0	0	0	0	0	0
440	10	32191	10909	6126	11807	4965	7644	7644	2021	24642	23606	29848	58223	45278	37017	52634	0	1	1	1	0	0	0
441	10	33867	16305	12738	12249	22216	7644	7644	16755	20634	18277	55747	15474	41127	49380	32187	0	0	1	0	1	0	0
442	10	33425	560	22051	11542	31174	7644	7644	4795	59196	64555	23456	37766	9356	64248	36043	1	0	1	0	1	0	0
443	10	24351	9473	5647	26038	27707	7644	7644	47232	50758	65187	1430	49638	1934	57772	28329	1	1	1	1	0	0	0
444	10	26614	27665	4952	11413	17216	7644	7644	43807	58152	46004	55454	9303	28418	56750	27380	0	0	0	1	1	0	0
445	10	34357	13928	13025	20901	16651	7644	7644	63622	60767	18174	26539	43493	4349	56812	29966	1	1	1	0	0	0	0
446	10	7473	18340	9194	19913	4683	7644	7644	1243	41592	34282	5651	37192	42895	23824	13815	0	0	1	0	0	0	0
447	10	12231	3430	7697	9612	10167	7644	7644	48666	9520	41118	53795	37457	51290	33359	7400	1	1	1	1	1	0	0
448	10	12145	17648	17493	21442	22722	7644	7644	42139	17938	47781	34746	65443	45574	40524	11441	1	1	0	0	0	0	0
449	10	26836	12325	4290	22252	7709	7644	7644	60353	39704	6038	45244	3702	20154	846	62874	0	1	0	0	1	0	0
450	10	18231	13	19129	8338	5425	7644	7644	64392	57283	61046	31889	50021	23432	5383	51927	0	1	0	0	1	0	0
451	10	7977	16290	5457	9386	27398	7644	7644	10664	21427	9494	58860	61787	17935	28055	36806	0	0	1	0	1	0	0
452	10	21603	26818	17080	31564	25795	7644	7644	29585	8844	35109	2546	33321	21002	60011	20830	1	1	1	1	1	0	0
453	10	6370	23160	23828	21476	3601	7644	7644	25610	34117	12582	54872	62056	11650	2011	26412	0	0	0	1	0	0	0
454	10	14210	25048	31452	12592	28624	7644	7644	44487	8519	49066	13126	56643	33442	52049	32297	1	1	0	1	1	0	0
455	10	12871	16985	21844	27853	8914	7644	7644	63324	16377	57286	30095	3478	5724	23073	3297	0	0	0	0	0	0	0
456	10	8929	19683	30147	13441	29873	7644	7644	32206	14420	1750	31955	40098	50033	3532	59817	1	1	1	1	1	0	0
457	10	12181	14405	32873	23352	35547	7644	7644	12983	8574	42514	39427	37621	17670	8813	13581	1	0	1	1	1	0	0
458	10	29287	4093	5910	30934	31149	7644	7644	46321	40520	50292	43457	7639	12941	51472	22593	1	1	1	0	1	0	0
459	10	15730	24494	5223	4715	31891	7644	7644	46458	40796	32946	21241	8340	49473	17084	60966	1	0	1	0	1	0	0
460	10	7129	29073	12027	16635	11364	7644	7644	9203	38281	54705	34092	21022	37873	59794	39298	1	0	0	0	1	0	0
461	10	16702	22548	31521	1119	14711	7644	7644	48973	62149	36575	41111	13954	58526	47575	27379	1	1	1	0	0	0	0
462	10	24699	15000	7954	24937	18537	7644	7644	7225	46727	41472	7090	22800	5622	42537	17490	1	1	1	1	1	0	0
463	10	33707	4717	25931	14208	17275	7644	7644	40328	34047	59831	12792	39806	32076	29709	62007	0	0	0	0	1	0	0
464	10	1480	16129	10774	33840	17225	7644	7644	13361	2312	50797	6323	8878	39828	44894	22479	0	1	1	1	0	0	0
465	10	5293	15318	33294	15298	8211	7644	7644	21719	34780	35372	61237	38885	25519	62550	19770	0	1	0	0	0	0	0
466	10	22794	15251	23054	9644	4785	7644	7644	54088	56667	3154	39330	10137	56275	1630	54235	1	0	0	0	1	0	0
467	10	23104	29148	28601	27715	6057	7644	7644	38011	20350	27799	35695	992	42617	23137	30667	0	1	1	1	0	0	0
468	10	15117	2597	11015	20881	20720	7644	7644	49450	51775	49128	37032	28016	2048	49986	47969	1	1	1	0	0	0	0
469	10	18404	3420	11668	20528	23830	7644	7644	22962	44603	5053	61388	17641	8244	64703	19836	1	0	0	0	1	0	0
470	10	10948	27780	27674	19972	21909	7644	7644	21453	48340	58261	38461	39197	38224	31884	33079	1	0	0	0	1	0	0
471	10	28984	31435	29665	34597	13010	7644	7644	40011	56184	23273	12863	41826	18892	61173	17630	0	1	0	1	0	0	0
472	10	23495	594	26163	6081	9830	7644	7644	9718	45807	3791	50325	45062	515	27943	21327	1	1	0	0	1	0	0
473	10	16157	9011	28754	15069	32552	7644	7644	20362	53434	47551	43323	171	42813	33494	52222	0	0	0	1	1	0	0
474	10	26333	11287	26525	7914	14623	7644	7644	20517	42784	55927	18994	32981	52700	62522	50831	1	1	1	0	1	0	0
475	10	15039	20228	793	27340	13111	7644	7644	14091	26408	27699	96	44154	61285	45426	54231	1	1	0	0	1	0	0
476	10	1883	28361	17647	11950	19373	7644	7644	58648	64210	20496	35402	10358	37627	28496	61918	0	0	0	1	0	0	0
477	10	4024	18406	6230	15582	19300	7644	7644	51843	36510	21029	21281	5031	47082	27034	35747	0	0	0	1	0	0	0
478	10	7470	22295	11353	5738	22427	7644	7644	51073	53837	10511	15269	41079	20911	15427	60550	0	1	1	0	0	0	0
479	10	12409	23916	29571	27348	8161	7644	7644	53701	44012	3736	15415	27888	38160	35152	63433	1	1	1	1	1	0	0
480	10	13666	10816	33441	21032	10651	7644	7644	12560	54039	24538	37426	24157	19303	43199	14989	1	0	1	1	0	0	0
481	10	8539	24770	24477	28251	24798	7644	7644	40398	5355	23120	27935	43941	48542	9039	64610	1	0	1	1	0	0	0
482	10	23789	32009	15790	10870	14036	7644	7644	30675	3705	54769	17892	58119	24434	57010	37132	0	0	0	0	1	0	0
483	10	13296	19085	27950	14097	30363	7644	7644	38010	36717	40634	11510	61082	26072	37147	2114	0	0	0	1	1	0	0
484	10	17	21732	11955	18093	18574	7644	7644	23403	36217	23237	23685	50926	11424	40373	40427	0	1	1	1	1	0	0
485	10	21547	30741	12710	32118	14475	7644	7644	12694	63898	46023	63720	7257	65213	48569	19194	0	1	1	1	1	0	0
486	10	10282	20615	18679	14591	19791	7644	7644	40675	16616	49274	39108	49744	34	56514	47361	1	1	0	0	0	0	0
487	10	14508	23627	2337	19600	21971	7644	7644	2425	14839	43135	61629	9807	21616	34218	5729	1	0	1	0	1	0	0
488	10	10159	3684	1500	16294	9567	7644	7644	22903	12237	11954	11627	20805	54922	8347	9932	0	0	0	0	1	0	0
489	10	3921	13824	2263	33433	2875	7644	7644	27128	35627	34306	7779	62212	64354	38611	10929	1	1	0	0	0	0	0
490	10	11392	7196	31394	21772	14049	7644	7644	58439	16861	43868	1411	43682	27706	45831	58260	0	1	0	0	1	0	0
491	10	441	35462	321	22355	12990	7644	7644	4953	13604	4540	33050	207	58213	18354	23674	0	0	1	0	0	0	0
492	10	19849	12485	21712	14039	29524	7644	7644	65270	48533	24336	2417	13948	8803	32206	1877	1	0	0	0	1	0	0
493	10	8205	5013	130	13266	16811	7644	7644	31009	13357	15006	10424	42399	53383	15825	5465	1	0	0	1	1	0	0
494	10	34799	16938	1009	22177	7183	7644	7644	39816	6533	56171	14881	20517	44687	1765	38773	0	1	1	1	0	0	0
495	10	16820	22389	7133	21235	12318	7644	7644	48489	14813	30282	17958	50454	20080	2076	13849	1	0	0	0	1	0	0
496	10	15073	35105	8583	12298	9737	7644	7644	61321	34393	24028	22681	62256	44203	51344	28510	1	0	1	0	0	0	0
497	10	747	8861	15196	29688	6580	7644	7644	43819	711	52619	6826	19460	64432	15074	36711	1	1	1	0	0	0	0
498	10	24170	18482	4604	8982	5731	7644	7644	3596	9328	93	25720	10559	38039	1021	41168	0	0	1	0	0	0	0
499	10	13978	7628	30354	26427	33144	7644	7644	27503	34209	65209	43035	40614	13632	50942	48359	0	0	0	0	1	0	0
500	10	28627	8093	31807	22891	11073	7644	7644	61963	47670	48682	29630	34217	63842	755	64713	1	0	0	0	0	0	0
501	10	16367	25127	27060	8084	33684	7644	7644	57332	16700	39717	41969	36460	44873	26505	55759	1	1	0	1	0	0	0
502	10	30642	13142	27394	19737	17523	7644	7644	17527	7903	22187	14372	59441	65009	34529	26209	1	0	1	0	1	0	0
503	10	13790	10086	16814	7227	32098	7644	7644	28765	10508	24494	51790	27834	21022	48032	4391	0	1	1	0	1	0	0
504	10	15311	5505	18279	11072	33733	7644	7644	18250	21518	25792	15777	54935	44490	32473	22567	1	0	0	0	1	0	0
505	10	10017	6442	13090	26663	34374	7644	7644	17790	48416	53165	25276	56999	5550	12874	57969	0	1	1	1	1	0	0
506	10	17542	11506	6202	4109	27564	7644	7644	1094	947	41419	52224	19777	31100	64355	42511	1	0	1	1	1	0	0
507	10	16268	31157	5822	20875	12912	7644	7644	40489	18665	18981	44330	30872	1237	53727	5685	0	1	0	1	0	0	0
508	10	18181	22945	11369	23553	27156	7644	7644	31392	59109	33475	30932	21351	22202	40235	52146	1	1	1	1	1	0	0
509	10	20316	19002	30321	10793	27168	7644	7644	27270	52325	5070	43541	41863	21046	16824	43391	1	1	0	1	1	0	0
510	10	19915	26251	1945	7828	33212	7644	7644	15341	33343	61907	5303	62051	30614	43238	19429	0	1	0	0	1	0	0
511	10	21474	29568	15292	21627	26934	7644	7644	49109	55224	47301	26609	51694	3725	26334	13897	1	0	0	0	0	0	0
512	10	33792	28706	33590	26408	8099	7644	7644	17154	12286	37225	40384	35343	50636	5046	21084	1	0	0	1	0	0	0
513	10	25205	23821	7609	21903	21845	7644	7644	47462	29505	15074	62452	2274	58065	42597	64495	0	1	1	1	1	0	0
514	10	16400	27815	17342	34570	29556	7644	7644	38961	33726	3667	41674	8855	6336	46158	23274	1	0	1	1	1	0	0
515	10	6680	31132	17625	21567	33689	7644	7644	17117	40964	57585	8600	10236	40353	11481	3284	1	0	1	1	0	0	0
516	10	19732	2352	31917	30745	12908	7644	7644	23655	48228	34486	46828	26710	24220	23727	17831	0	1	1	0	1	0	0
517	10	22402	21948	13929	32136	9398	7644	7644	39141	4474	23426	19691	46798	20361	57995	51208	1	0	0	1	0	0	0
518	10	24782	21596	17245	6963	6910	7644	7644	51221	16846	7491	19144	37520	24192	40571	59663	1	1	0	0	1	0	0
519	10	25405	29818	24908	7245	30493	7644	7644	6421	27069	62225	25588	29169	37522	22747	61717	0	0	1	1	0	0	0
520	10	11047	1469	33834	31846	21058	7644	7644	9878	8954	39246	34353	64750	45614	48495	44614	1	1	1	0	0	0	0
521	10	19734	29419	19411	8002	29748	7644	7644	3648	20510	5278	37161	52008	58775	11701	5638	0	0	0	0	0	0	0
522	10	6759	32487	19643	1888	19423	7644	7644	5055	18231	63899	54155	41321	1732	51186	61367	0	0	1	1	1	0	0
523	10	7531	27630	21415	11345	12490	7644	7644	53339	19828	19996	30874	33008	24089	38218	20487	1	0	1	0	1	0	0
524	10	30374	15511	10689	15751	28084	7644	7644	49878	53459	2848	55843	52151	26470	8688	40871	0	1	0	0	1	0	0
525	10	6815	22656	25343	26048	1297	7644	7644	2286	62883	57042	52709	5677	51761	20383	49181	0	0	0	1	1	0	0
526	10	27428	18338	8613	4762	29232	7644	7644	35311	34116	62473	59092	54469	60269	45954	26709	0	1	0	1	0	0	0
527	10	9991	35245	21475	9042	29177	7644	7644	35092	14899	20421	42400	59472	21259	60383	45065	0	0	0	1	0	0	0
528	10	10535	19062	11452	11827	15225	7644	7644	49933	55025	64307	61230	2892	14556	48414	29862	1	0	0	0	1	0	0
529	10	24644	4968	21218	21150	33224	7644	7644	14200	11437	51679	18910	37604	39038	51602	25693	0	1	1	1	0	0	0
530	10	21354	31507	12244	35782	3050	7644	7644	53868	4625	45950	25908	13077	60025	26201	44605	1	1	0	1	0	0	0
531	10	12436	31897	14648	21950	25238	7644	7644	39415	56573	64079	11838	94	58586	19081	56645	0	1	1	1	0	0	0
532	10	32251	23265	29354	11733	10532	7644	7644	38060	18830	24608	11338	17536	45308	39552	31661	1	1	1	0	1	0	0
533	10	29552	8748	28045	27434	3710	7644	7644	300	52323	6821	9016	8418	57034	60340	37733	0	0	0	1	0	0	0
534	10	33520	11995	5447	25049	2550	7644	7644	16093	39807	32405	43611	31791	55106	58810	62516	0	1	1	1	0	0	0
535	10	247	33435	7154	8879	12776	7644	7644	56094	64059	59640	15007	60178	2378	55299	50101	0	1	0	0	1	0	0
536	10	24183	31513	13844	4358	31866	7644	7644	53338	24116	47239	38436	27784	18440	57554	25160	0	1	0	0	0	0	0
537	10	22198	4795	29381	31953	21480	7644	7644	15905	15657	50843	37717	15796	57955	54594	34617	0	1	0	0	1	0	0
538	10	1719	26419	17496	13021	13209	7644	7644	55941	25264	30410	6459	26374	28011	31318	33986	0	0	0	0	0	0	0
539	10	7193	8990	2800	10212	14480	7644	7644	57779	42542	48936	18070	34139	59960	21121	30615	0	0	1	1	1	0	0
540	10	7538	29791	31809	34438	31687	7644	7644	26129	13102	62255	34312	33031	41329	53171	65158	1	0	1	1	0	0	0
541	10	23790	1917	31856	16780	25807	7644	7644	16229	21782	3028	24533	21275	39473	10077	12742	1	0	1	1	1	0	0
542	10	2697	21661	10287	35284	18885	7644	7644	32524	14654	21102	65131	30169	46800	47726	32646	1	0	0	0	0	0	0
543	10	28985	20367	21972	31761	3290	7644	7644	52122	64934	18761	40909	31170	41186	46004	50517	0	0	1	1	1	0	0
544	10	1736	8719	6776	5352	13869	7644	7644	56723	57410	63871	32134	51918	29703	30210	64631	1	1	0	0	1	0	0
545	10	10253	13937	13567	21708	14012	7644	7644	6623	56749	17589	17409	34503	49815	43140	21575	1	0	1	1	0	0	0
546	10	32989	29838	15991	11475	6440	7644	7644	38446	15016	5152	24016	53319	29893	46302	62220	1	1	0	0	0	0	0
547	10	16408	220	18677	21001	22218	7644	7644	49350	1806	30357	25205	4967	8722	4845	4013	0	1	1	0	0	0	0
548	10	21176	31519	10080	12124	29522	7644	7644	13372	29879	54281	571	35525	19045	8571	19998	0	0	1	0	1	0	0
549	10	25280	27621	29348	17558	21151	7644	7644	51153	102	56831	19140	5757	11537	16348	15673	1	1	1	0	1	0	0
550	10	17052	14191	20640	21903	34444	7644	7644	20979	47564	43397	63760	40796	22580	42231	37092	1	0	1	1	1	0	0
551	10	4514	20519	16253	35793	20539	7644	7644	3225	2706	26799	22042	13158	48435	55993	45043	1	1	1	1	0	0	0
552	10	20747	33459	22277	29748	14242	7644	7644	23996	64411	52823	59893	48671	12397	46411	36263	0	1	1	1	0	0	0
553	10	2330	8479	7421	30781	1493	7644	7644	13158	26648	53476	26727	60515	57819	56498	64518	0	0	0	0	0	0	0
554	10	8993	33966	32678	3857	26545	7644	7644	25221	12330	60130	64628	2526	58052	36775	56923	0	1	0	1	1	0	0
555	10	29984	33382	18448	10992	1558	7644	7644	27555	30698	1867	11328	31608	47929	11471	48008	0	1	1	0	1	0	0
556	10	24902	15604	34497	24015	16081	7644	7644	16590	59000	38302	36550	57465	13995	25013	31964	0	0	0	1	1	0	0
557	10	21149	24649	3368	14842	21927	7644	7644	7038	35089	63771	15837	59286	22200	37395	52313	0	0	0	0	1	0	0
558	10	12127	16013	21937	30865	435	7644	7644	46949	43070	62151	56724	59011	32744	8578	38065	0	1	0	0	1	0	0
559	10	25854	18337	18209	3610	636	7644	7644	1307	15780	26648	60635	53366	4267	50305	49237	1	1	0	1	1	0	0
560	10	33166	6733	1420	18734	6559	7644	7644	24581	33628	29673	63695	16824	49975	1611	26426	1	0	1	1	0	0	0
561	10	28995	21884	21946	14672	8953	7644	7644	61147	18963	28212	39241	28045	55422	5058	13754	1	0	1	0	0	0	0
562	10	1156	11508	3982	34608	27151	7644	7644	19874	60314	49653	2836	39482	32252	38865	7332	1	1	1	0	0	0	0
563	10	35745	23006	11303	31549	2690	7644	7644	37727	64833	46726	8783	15572	1400	49761	28742	0	0	1	0	0	0	0
564	10	14463	26281	34154	10623	25834	7644	7644	65289	58077	36825	61580	4103	3783	46138	37424	1	1	0	0	0	0	0
565	10	18600	17575	367	7728	34926	7644	7644	43074	37327	40208	19367	16205	17556	62388	32108	0	0	0	1	1	0	0
566	10	18908	5086	20547	1142	10771	7644	7644	36797	62780	3745	25303	38112	3284	23123	42384	0	1	1	0	1	0	0
567	10	1521	33168	2186	18203	23898	7644	7644	48838	62825	14582	12115	31057	285	12993	12772	1	1	1	0	0	0	0
568	10	4580	29618	32592	509	7653	7644	7644	44318	27962	20521	35046	41878	23229	50779	28084	0	0	0	1	0	0	0
569	10	30901	30480	17649	28397	14286	7644	7644	29548	38185	2954	44568	44617	45925	18357	59518	1	1	0	0	0	0	0
570	10	33708	1772	32243	15424	2624	7644	7644	61743	23204	3016	39657	41915	64529	45112	48548	0	1	1	0	1	0	0
571	10	24772	31696	16937	7857	17042	7644	7644	42122	39087	51582	45624	873	25079	7555	26539	1	1	0	1	1	0	0
572	10	7052	3176	197	20990	16368	7644	7644	50938	38381	32761	43492	21349	17054	10446	52933	0	1	0	1	1	0	0
573	10	34606	7988	3344	1812	12930	7644	7644	28458	56004	48305	46434	58979	12472	23840	10721	0	1	1	1	0	0	0
574	10	18380	29161	22451	12042	24546	7644	7644	45561	31421	56392	32884	35197	37610	53375	5361	1	0	0	0	1	0	0
575	10	10342	8707	19055	33646	26815	7644	7644	45590	12544	49111	48724	12928	2187	43389	29447	0	0	0	1	1	0	0
576	10	3606	33305	12731	31132	15387	7644	7644	24617	27820	10881	30532	27503	353	56844	56082	1	0	1	1	1	0	0
577	10	6923	27172	2094	24918	16733	7644	7644	25322	369	8788	59221	19979	57435	26540	31159	1	1	1	1	1	0	0
578	10	15053	6979	33127	1978	18114	7644	7644	41096	53592	50758	18356	21649	3487	17136	61593	0	0	0	0	0	0	0
579	10	10705	20255	4199	12381	26911	7644	7644	12684	6812	53779	8703	55809	7942	23080	31396	0	0	0	0	1	0	0
580	10	29838	170	18303	31145	24835	7644	7644	59346	60496	26959	11461	24977	55036	15358	47760	1	1	0	0	0	0	0
581	10	13089	33716	9162	6524	17803	7644	7644	46010	55172	51746	58061	36943	30747	61209	398	1	0	1	0	1	0	0
582	10	24637	30399	28166	7714	17863	7644	7644	13171	37335	9415	22388	49986	64123	54892	12220	0	0	1	0	0	0	0
583	10	6234	31915	32745	24459	11501	7644	7644	29764	52859	62049	4728	16527	21624	24225	23106	0	1	1	1	1	0	0
584	10	11476	27321	15473	20953	26516	7644	7644	29604	22934	8425	46788	50750	41747	52587	37688	0	0	1	1	1	0	0
585	10	13009	29654	21064	12954	23088	7644	7644	60564	35310	4006	29671	56076	14272	8606	21345	0	0	1	1	0	0	0
586	10	31737	30312	18306	33734	21531	7644	7644	62718	32408	37900	36552	5635	16783	11203	18580	0	1	1	1	0	0	0
587	10	801	35398	8336	15949	24775	7644	7644	7254	3188	50122	49509	59816	9643	16766	14362	0	1	1	1	1	0	0
588	10	18899	19419	14208	17038	23109	7644	7644	28407	55610	31063	50304	34967	54885	17837	21156	1	1	0	1	1	0	0
589	10	35052	26326	16320	774	33315	7644	7644	20685	3475	43341	1521	30814	42882	11165	33921	1	1	0	1	0	0	0
590	10	11035	25547	21157	19194	10110	7644	7644	19685	6981	32947	28555	4951	45757	30749	6596	0	1	1	0	1	0	0
591	10	31910	25424	21928	4150	24138	7644	7644	16017	3131	15265	41986	31563	2882	34172	43014	0	1	0	0	1	0	0
592	10	24866	24373	4184	19730	19592	7644	7644	5434	51087	52543	64336	55263	23131	31798	9403	1	0	1	1	0	0	0
593	10	27708	16569	18762	662	13314	7644	7644	54408	15323	14382	59767	2311	55551	34213	53151	0	1	0	0	1	0	0
594	10	1087	14685	17612	4980	35218	7644	7644	37638	56299	14102	29060	62794	45819	35223	15276	0	1	1	0	0	0	0
595	10	479	16084	277	26333	7034	7644	7644	52104	58510	13291	54588	25913	51562	30746	16937	1	0	0	0	0	0	0
596	10	25338	16412	33587	5461	5297	7644	7644	16222	61360	50599	35964	3746	22816	37839	56114	0	1	1	0	1	0	0
597	10	18826	25591	17881	13600	4696	7644	7644	17867	8155	36332	53575	53838	984	9993	26484	1	0	1	0	1	0	0
598	10	24499	33784	18798	7645	27105	7644	7644	58556	18602	44846	21555	22791	63274	57920	55193	0	0	0	1	0	0	0
599	10	1595	17555	4317	35619	9319	7644	7644	65025	26477	47479	38951	19353	1559	36261	34619	0	1	0	0	0	0	0
600	10	1409	31105	7977	5794	18107	7644	7644	9568	28174	40454	58477	28220	55715	6098	50432	0	0	1	1	1	0	0
601	10	13693	5327	32190	12355	23765	7644	7644	16966	29933	21831	27430	2174	62831	16007	33299	0	0	1	1	0	0	0
602	10	4388	10159	20600	12039	24822	7644	7644	33787	32698	17941	55345	830	39857	44809	38944	1	0	1	0	1	0	0
603	10	20090	3628	14163	2826	25956	7644	7644	38176	56987	11669	23508	32829	26298	2720	7471	1	1	1	0	0	0	0
604	10	4145	30634	21664	25589	31350	7644	7644	15837	3535	52400	19806	55437	11286	24444	7708	0	0	1	0	0	0	0
605	10	19399	25190	2867	20111	5422	7644	7644	17927	19928	43842	48030	16838	2321	45978	49107	1	0	0	0	1	0	0
606	10	30620	4666	34004	16503	24780	7644	7644	10225	21436	24446	40809	23052	55216	869	61609	1	0	0	0	0	0	0
607	10	29127	2714	11432	18944	20628	7644	7644	23801	15022	51005	29790	44969	54902	23865	17821	0	0	0	1	1	0	0
608	10	13451	27987	16150	5261	6304	7644	7644	26200	13832	54852	14190	34775	55793	24338	5145	0	1	1	1	0	0	0
609	10	22090	5845	5862	34701	33603	7644	7644	50345	53191	54568	10827	11312	6276	50712	24259	0	1	0	1	0	0	0
610	10	13832	29990	15947	16470	30288	7644	7644	40752	53811	57984	39591	14170	63856	25070	47882	1	1	0	1	1	0	0
611	10	15080	7569	19339	34227	775	7644	7644	30329	46439	38352	5251	31368	52607	23974	32519	0	0	0	1	0	0	0
612	10	31146	35347	8086	18233	29156	7644	7644	35064	5961	22722	3363	42528	50538	33937	60986	1	0	0	1	1	0	0
613	10	20310	15561	26089	877	29923	7644	7644	20997	59826	7943	50517	37546	2070	57740	27169	1	0	0	1	1	0	0
614	10	5135	25798	4010	17902	16331	7644	7644	28102	39397	43574	3738	9002	37200	23640	12085	0	0	0	1	0	0	0
615	10	4266	28012	3702	26766	14074	7644	7644	50015	55034	25673	33991	38441	45159	20507	20974	0	0	1	0	0	0	0
616	10	405	29073	34885	11260	20039	7644	7644	10935	45836	33044	9357	62737	30734	31658	50899	0	0	1	0	1	0	0
617	10	18184	2815	33706	22198	22728	7644	7644	10427	24166	32391	20912	15124	41175	22152	40317	0	1	1	1	0	0	0
618	10	3123	11158	30737	24718	29181	7644	7644	6242	3602	59667	8779	12259	14251	14414	42714	1	1	1	0	1	0	0
619	10	25386	32882	26765	5307	22555	7644	7644	24070	53498	61592	40155	54309	32561	63289	31957	0	1	1	0	1	0	0
620	10	6306	26924	18094	31299	33497	7644	7644	64066	25235	36568	26739	25179	3073	59076	55823	0	0	0	0	1	0	0
621	10	17483	5724	35587	18036	18105	7644	7644	24122	34721	53979	52735	21344	54631	34204	57382	0	1	0	0	1	0	0
622	10	33954	33552	5011	18401	12355	7644	7644	19453	34434	54999	30792	55234	16082	11439	50653	0	0	0	1	0	0	0
623	10	23726	18326	32122	6773	24921	7644	7644	29272	60151	11750	2109	52152	30275	33520	36800	1	1	0	0	1	0	0
624	10	15012	9357	25944	22963	16985	7644	7644	32249	51527	38427	64510	44877	15065	56365	47800	0	0	1	1	0	0	0
625	10	5907	23688	32907	25424	32352	7644	7644	13165	62082	16083	47057	2245	43119	3535	11989	1	0	1	0	0	0	0
626	10	10606	20208	17912	7999	23081	7644	7644	35207	46439	43551	35548	47317	38204	40181	42310	0	0	1	0	0	0	0
627	10	9663	20936	17320	8713	4011	7644	7644	7576	47063	15564	63438	34578	23130	56188	16395	0	0	1	1	1	0	0
628	10	30453	1048	4438	16454	33164	7644	7644	10541	5170	10997	25394	7198	16372	16982	23731	1	1	0	1	0	0	0
629	10	8227	22811	17383	10159	7298	7644	7644	57091	58858	20921	37691	41371	21726	2369	63262	0	0	1	0	0	0	0
630	10	25366	4255	8418	4999	14521	7644	7644	63618	33727	38171	9471	15250	50718	44145	19431	0	0	1	1	0	0	0
631	10	1257	26293	24217	33680	31909	7644	7644	15365	43978	13578	1192	36984	11703	60594	55736	0	1	0	1	1	0	0
632	10	8950	14940	29590	22637	26806	7644	7644	53864	52045	8364	37796	24367	43138	4541	56631	1	0	0	1	1	0	0
633	10	22835	15649	6945	19076	20850	7644	7644	31231	3903	44947	12586	60123	56648	40054	19470	0	1	0	0	1	0	0
634	10	10766	27112	3318	27729	15972	7644	7644	58749	56117	14673	53143	46005	63196	23292	30936	0	0	1	1	1	0	0
635	10	24327	4999	35928	18564	23823	7644	7644	37078	16869	16248	33641	18338	8951	19895	21244	1	0	1	1	1	0	0
636	10	17848	10012	15586	11825	7973	7644	7644	15374	54279	60217	53935	20712	6045	17611	49822	1	0	1	1	1	0	0
637	10	279	8017	4876	14562	29399	7644	7644	33593	9271	50174	20412	55357	28160	56226	28315	1	1	0	0	0	0	0
638	10	16085	18526	24073	16116	24055	7644	7644	11238	62865	34946	5767	25921	64825	50374	56008	0	0	1	0	1	0	0
639	10	24774	1109	24175	4364	13075	7644	7644	54351	1140	1581	24494	58286	21581	50853	12919	0	0	1	1	0	0	0
640	10	16218	4611	4518	20730	9914	7644	7644	18635	12027	57892	44161	951	20701	46608	58639	1	0	0	1	0	0	0
641	10	18583	28128	28210	27070	1021	7644	7644	15191	56776	39694	19873	15894	20346	33332	63617	0	1	1	0	0	0	0
642	10	22148	27805	18902	8289	25693	7644	7644	7505	5212	291	59595	31144	5054	27045	17406	1	0	0	0	0	0	0
643	10	10961	11723	14089	6090	3825	7644	7644	24638	9177	22146	1592	61777	41541	43030	58194	0	1	1	1	0	0	0
644	10	9937	32119	22765	27582	2989	7644	7644	4202	16842	4981	5266	7315	45987	24831	21078	0	0	0	0	1	0	0
645	10	19774	22101	253	34773	17149	7644	7644	48384	32625	4969	26911	46391	9590	61431	41037	0	1	1	0	0	0	0
646	10	30442	5790	35986	22591	6257	7644	7644	3290	36295	12154	45006	65048	58282	16480	38972	1	0	1	1	0	0	0
647	10	7796	845	29767	35946	21549	7644	7644	27027	62004	57850	5870	39302	48702	15406	60405	1	1	1	1	1	0	0
648	10	13341	1428	11872	32982	26298	7644	7644	23397	45595	58263	15953	27262	38389	7944	17170	1	0	1	0	1	0	0
649	10	25071	8250	18132	31006	15722	7644	7644	2002	15012	6248	48328	23991	59303	49709	7665	0	0	0	1	0	0	0
650	10	1116	3647	31607	6022	1591	7644	7644	23437	23981	38924	28524	53114	51797	18894	22144	1	0	1	1	1	0	0
651	10	13539	31257	15425	12551	23004	7644	7644	28234	23125	44756	31111	37857	14704	44805	55350	0	1	0	0	1	0	0
652	10	27829	31156	30945	34844	20052	7644	7644	21090	41843	29468	35855	38393	9857	12931	41619	1	1	1	0	0	0	0
653	10	10017	32902	5315	2181	31352	7644	7644	53741	33205	63185	4242	31192	15550	36739	22619	0	1	0	1	1	0	0
654	10	4383	29457	13434	12141	13744	7644	7644	37508	29761	7438	49606	26126	53080	27418	59701	1	0	0	0	0	0	0
655	10	30794	17067	7020	8596	27272	7644	7644	31961	25073	4013	27233	57008	9078	61148	10329	1	1	0	1	1	0	0
656	10	25813	1825	5138	13721	32759	7644	7644	34319	45741	941	52812	43486	38144	23307	62659	0	0	0	0	0	0	0
657	10	6954	11025	6121	14426	32206	7644	7644	34757	61005	6961	53626	62539	25862	64136	21953	0	1	1	0	0	0	0
658	10	7263	27916	27284	28573	33589	7644	7644	23266	36256	33669	8478	18618	6946	60229	536	1	1	1	0	0	0	0
659	10	6642	19403	7157	1924	21818	7644	7644	48774	41779	498	45692	50821	21598	3289	17113	1	0	1	0	1	0	0
660	10	33778	35634	4612	11881	26799	7644	7644	10039	52418	33631	35402	32758	30832	42950	23390	0	1	0	1	1	0	0
661	10	5180	31743	2821	4800	35246	7644	7644	13728	1716	61503	17156	21221	41418	60922	27621	1	1	1	1	1	0	0
662	10	21236	18893	14871	29775	20049	7644	7644	19979	14222	22581	38736	39403	40600	44667	3697	1	1	0	0	0	0	0
663	10	33495	2861	34763	986	2135	7644	7644	36173	10407	65081	14231	16490	18809	22054	8090	1	1	1	0	1	0	0
664	10	1299	1279	7281	28197	32754	7644	7644	42587	28240	44561	13568	30263	47875	1095	4382	0	0	1	1	0	0	0
665	10	23937	14592	13179	22214	16357	7644	7644	55719	64282	59290	52603	62394	1833	64547	8356	1	0	1	1	1	0	0
666	10	8433	24231	7932	26882	32065	7644	7644	32155	2155	24097	27110	34441	34292	28781	16476	1	1	0	1	1	0	0
667	10	1261	22072	34150	19556	7714	7644	7644	56177	62602	13680	24076	58597	48726	25560	43711	1	1	0	0	0	0	0
668	10	3685	3631	10192	29179	4206	7644	7644	52681	16143	65432	23897	13639	29238	3624	23615	0	0	0	0	0	0	0
669	10	8090	21440	14119	8669	25605	7644	7644	56970	46130	33117	56682	14492	38854	31863	34717	1	0	0	0	0	0	0
670	10	21380	9290	8203	33631	9142	7644	7644	31648	36503	21319	852	48346	44959	43436	8659	0	1	1	0	1	0	0
671	10	9046	28736	15529	19225	30077	7644	7644	57570	57462	8705	8180	6884	61227	513	448	0	0	1	0	1	0	0
672	10	1589	19150	22204	7916	7695	7644	7644	14038	12043	34897	33097	1701	11448	45459	57270	0	0	0	0	0	0	0
673	10	10756	9032	8066	3040	9256	7644	7644	31325	25713	17409	62848	26382	43158	40115	44201	1	0	0	0	1	0	0
674	10	3353	15933	28265	6962	16515	7644	7644	19406	23412	45261	47480	35908	24655	37353	34698	1	1	0	0	0	0	0
675	10	27797	33716	11777	23601	21075	7644	7644	32669	58760	33484	57093	24477	31414	53908	37636	1	0	1	0	1	0	0
676	10	12056	5984	26128	5715	2560	7644	7644	60573	23567	3284	14738	44386	38855	38589	2438	0	0	1	0	1	0	0
677	10	13046	27444	16748	19160	8446	7644	7644	39771	25394	37307	38151	55	46639	28634	21911	0	0	0	1	0	0	0
678	10	6133	13346	21928	8532	4071	7644	7644	21828	10403	2593	24698	21410	29268	51755	35451	1	0	1	0	1	0	0
679	10	3208	35347	27364	9994	27093	7644	7644	6332	51258	1469	28718	58272	63327	48883	42732	1	0	0	0	0	0	0
680	10	2618	32388	5738	31067	3308	7644	7644	35527	63594	20388	62928	55018	42074	60068	40365	1	0	0	1	1	0	0
681	10	33176	13800	6953	22991	6279	7644	7644	42214	33776	47803	48466	23034	63883	38843	63144	0	1	1	0	1	0	0
682	10	8876	21794	31948	20266	12586	7644	7644	45459	37563	50974	39018	26198	33643	26987	31535	1	1	0	1	1	0	0
683	10	5343	5244	286	29955	4526	7644	7644	179	63835	10006	57592	31705	48901	48525	33625	0	0	1	1	0	0	0
684	10	25532	32298	30945	34457	6604	7644	7644	5181	38557	65183	15919	16482	42867	36490	28898	0	1	1	0	1	0	0
685	10	9361	6697	15607	15833	25129	7644	7644	42889	32124	30903	34166	20623	27119	15673	2576	1	0	1	0	0	0	0
686	10	10173	1999	30218	19918	31347	7644	7644	5787	46696	51128	50860	46928	53363	34776	32600	0	0	1	0	0	0	0
687	10	8536	27466	33692	24969	1797	7644	7644	41303	50483	13395	40085	19795	46472	6075	38944	0	0	0	0	1	0	0
688	10	4234	23266	31492	3954	24853	7644	7644	4981	65273	36231	31682	6103	29525	32922	52845	1	1	1	1	1	0	0
689	10	21219	2091	17472	4356	32899	7644	7644	63962	29099	22211	5891	14905	46820	42100	6270	1	0	0	0	0	0	0
690	10	20217	35996	35538	35301	4973	7644	7644	28280	65310	59887	64787	59318	22928	61458	14219	0	0	0	1	0	0	0
691	10	11208	34876	16978	3746	7893	7644	7644	51275	37619	3707	33697	18946	29511	23	28215	1	1	1	0	0	0	0
692	10	13058	24316	28252	10585	33258	7644	7644	20672	45842	60420	60520	16517	60396	63306	15710	0	0	1	1	1	0	0
693	10	22450	15570	18424	17946	19959	7644	7644	55681	36451	44369	19660	8038	19460	18244	54793	0	1	0	1	1	0	0
694	10	860	14645	19921	13168	10983	7644	7644	36197	46574	36884	5867	857	40049	13325	56109	0	0	0	1	0	0	0
695	10	26072	16417	3720	11745	13337	7644	7644	23866	36822	51595	34731	40031	45772	34907	17587	1	1	0	1	1	0	0
696	10	27832	7515	26461	3058	11439	7644	7644	50840	8638	16572	9218	61124	64862	1248	33147	1	0	0	1	0	0	0
697	10	24162	34930	1137	18809	9739	7644	7644	59612	28214	4085	3609	6071	14274	34085	63441	1	1	0	0	0	0	0
698	10	2390	13758	27423	4206	3755	7644	7644	12429	35035	7260	59094	25558	39275	43887	34652	1	0	1	0	1	0	0
699	10	2145	27438	11031	4515	13312	7644	7644	28974	3547	50986	21681	28032	33576	19804	49974	1	0	1	0	1	0	0
700	10	31656	7091	19296	10665	17124	7644	7644	43416	41882	7147	31762	49324	39659	3903	11479	0	1	0	0	0	0	0
701	10	6858	25222	9820	32913	21187	7644	7644	18068	57789	58494	63659	57596	35253	19080	51099	1	0	1	0	1	0	0
702	10	15613	14018	2533	30114	19758	7644	7644	55274	427	40628	37913	1315	25239	41947	38166	0	1	1	1	0	0	0
703	10	31840	17914	9386	12755	17339	7644	7644	711	46957	65116	14913	10339	38939	34310	6465	0	0	0	0	0	0	0
704	10	24297	2458	29139	12041	13125	7644	7644	12357	36742	31730	25936	63459	48911	9484	49318	0	1	1	0	0	0	0
705	10	16651	13447	9219	11630	27920	7644	7644	5505	506	42304	24173	28721	33462	1728	59942	0	0	1	0	1	0	0
706	10	4675	10163	10823	32807	3464	7644	7644	20784	47126	61986	49328	11836	41596	31896	31562	1	1	0	1	1	0	0
707	10	30312	17645	21155	6571	10396	7644	7644	3078	36096	20282	55416	8502	62015	38976	18229	0	1	1	0	0	0	0
708	10	14764	3118	9549	18754	11354	7644	7644	17418	41679	56722	43138	42697	10307	55472	36469	1	0	0	1	0	0	0
709	10	11868	2851	9455	32044	9592	7644	7644	32084	29908	45720	21758	56795	35590	1114	34365	1	0	1	0	1	0	0
710	10	17684	6515	28758	2358	1658	7644	7644	62033	53233	4419	32284	1186	58407	56051	10283	0	1	0	0	1	0	0
711	10	27326	28480	7906	24919	2258	7644	7644	11902	3940	6451	41906	37949	16625	61742	58425	0	1	1	0	1	0	0
712	10	9869	779	21805	35033	1069	7644	7644	25927	55124	30940	31801	12141	11681	18627	16761	0	0	1	0	1	0	0
713	10	28644	10355	16467	3993	16616	7644	7644	39429	64824	38113	35324	10646	2464	21193	61505	1	0	1	1	0	0	0
714	10	27489	13362	32002	32554	31907	7644	7644	32669	31293	12980	5329	36303	33191	30587	22312	1	1	1	0	0	0	0
715	10	34428	33260	24121	8290	21242	7644	7644	47627	46203	44551	43430	34351	7282	19856	43716	0	1	0	1	1	0	0
716	10	25167	8416	33594	12021	23609	7644	7644	38700	56772	332	10763	53423	56616	38393	22137	0	0	1	1	1	0	0
717	10	27407	16028	33416	21500	3456	7644	7644	64355	59523	25528	25133	19752	27730	14650	30806	0	0	0	1	0	0	0
718	10	31280	20104	7383	20176	22781	7644	7644	9137	38850	33525	52302	43014	42767	27713	36066	0	1	0	0	0	0	0
719	10	22047	33903	5185	25183	9293	7644	7644	36020	60468	54336	32274	42488	920	56303	59138	1	1	1	0	0	0	0
720	10	24690	18914	1589	6670	16144	7644	7644	19821	8070	58201	20150	1093	61049	61939	57859	1	1	1	1	1	0	0
721	10	1777	27223	25665	29812	13925	7644	7644	33712	18056	5915	28938	11466	62105	19525	21475	1	0	0	0	1	0	0
722	10	9796	30392	27363	35332	29549	7644	7644	49454	52141	16007	31663	12333	50543	62929	24313	0	0	0	0	1	0	0
723	10	21499	12812	16709	30612	29648	7644	7644	50969	14014	16603	51658	36443	64269	36480	18244	0	1	0	1	1	0	0
724	10	24535	11233	24862	1086	29637	7644	7644	2026	36185	64564	41701	49937	48228	41286	54283	1	1	1	0	0	0	0
725	10	25558	23006	5361	4309	26666	7644	7644	6577	39536	52471	55257	51145	5271	32879	56750	0	0	0	0	0	0	0
726	10	26124	2114	5642	17145	27667	7644	7644	12870	13326	18071	48660	21282	44508	46944	27512	0	1	0	1	1	0	0
727	10	20742	15898	6138	1261	7848	7644	7644	21031	59293	47380	3226	16440	50493	33364	31076	1	1	1	1	0	0	0
728	10	6938	11545	27526	23130	32244	7644	7644	21599	38178	62684	18181	44675	50323	58942	6656	1	0	0	1	0	0	0
729	10	2967	15439	33270	8904	2013	7644	7644	21129	33256	11378	43517	28999	53011	60095	5594	0	1	0	0	0	0	0
730	10	27146	18725	2892	18545	23011	7644	7644	24964	62649	29075	48160	391	16056	42656	37599	0	1	1	1	1	0	0
731	10	21047	28613	12424	26539	26565	7644	7644	18518	32369	49414	46741	36461	44901	24436	36185	0	1	0	1	1	0	0
732	10	3939	15237	30430	23789	3132	7644	7644	29807	21454	28366	17648	25491	824	43169	15871	1	1	0	0	0	0	0
733	10	15318	19997	8259	9150	33088	7644	7644	23775	6453	51543	29257	8249	1156	24434	25409	1	1	0	0	1	0	0
734	10	1652	10813	28215	7210	3225	7644	7644	42842	63361	58326	31618	26956	24186	64239	10416	1	1	0	0	1	0	0
735	10	23035	4815	21884	14677	884	7644	7644	63165	58287	26160	23958	821	33045	64105	65462	0	1	0	0	1	0	0
736	10	661	10192	16032	28187	31708	7644	7644	28774	227	4434	55519	41085	48368	6072	64965	0	0	1	0	0	0	0
737	10	34027	22983	2293	12607	19964	7644	7644	10512	11744	103	6104	32923	65017	46712	64235	0	0	0	0	1	0	0
738	10	20800	15671	14055	7042	24388	7644	7644	28768	48190	41536	43762	8007	35518	10459	8243	1	1	0	0	0	0	0
739	10	12786	28019	15959	5554	740	7644	7644	29130	14663	33095	181	52068	34991	49533	29575	0	1	0	0	1	0	0
740	10	27347	18660	3896	3013	4535	7644	7644	51790	33136	58375	59578	9253	24747	59567	48403	0	1	0	1	0	0	0
741	10	9300	20464	19099	10385	2780	7644	7644	64608	3739	43362	44003	18126	39640	1204	54518	1	1	0	0	1	0	0
742	10	3399	29125	28736	26775	31881	7644	7644	3564	38401	49426	15747	17209	3119	52376	45803	1	0	1	1	1	0	0
743	10	889	30048	209	12522	13509	7644	7644	49861	60187	41135	59565	32910	6739	34077	49109	0	1	1	0	1	0	0
744	10	27883	10863	33706	4921	14173	7644	7644	46453	61310	23704	55053	25279	54219	36653	19196	1	0	0	1	1	0	0
745	10	15772	26985	35883	29102	20276	7644	7644	38448	37486	21242	60618	9861	21936	14679	30885	0	0	0	0	1	0	0
746	10	22	21685	21319	20541	26393	7644	7644	41270	26837	18725	53509	55341	42142	16065	61476	0	1	0	0	0	0	0
747	10	15279	30158	9058	14236	7065	7644	7644	38477	21108	64565	15846	32132	14114	57963	60894	1	1	0	0	1	0	0
748	10	30719	20998	280	28653	7224	7644	7644	20621	28237	53061	19905	3178	34910	8627	17349	0	0	0	0	1	0	0
749	10	28475	360	3094	10363	35355	7644	7644	2184	12773	52301	12419	56670	15667	7696	35538	0	0	0	0	1	0	0
750	10	11084	29703	23250	11116	3976	7644	7644	7097	61378	14214	33802	22948	54979	1722	11659	1	0	1	0	0	0	0
751	10	28268	27124	6910	30585	27931	7644	7644	48891	4659	56315	29318	56308	62657	47792	32847	1	1	0	0	0	0	0
752	10	23018	7075	13659	1766	31342	7644	7644	41514	13730	19449	35167	36983	18387	10650	23157	0	0	1	0	0	0	0
753	10	9039	8878	27326	1979	26086	7644	7644	63973	17444	41330	46933	12048	34221	62306	40748	1	0	1	1	0	0	0
754	10	31754	23771	30987	10617	12165	7644	7644	54519	59034	8346	64783	11241	37129	58709	30328	1	0	0	1	1	0	0
755	10	5056	13545	16459	19156	18320	7644	7644	57515	58096	58843	12025	35551	2509	37216	61659	1	1	1	1	0	0	0
756	10	12321	7068	26214	28800	4727	7644	7644	63387	14786	49128	24832	26967	39724	18421	34145	0	0	1	1	0	0	0
757	10	22393	16900	13427	10465	29443	7644	7644	9944	25387	47120	2206	21076	39974	48546	14677	1	1	1	0	0	0	0
758	10	35222	25128	6680	18320	4657	7644	7644	63116	1885	33599	43470	39114	1153	61756	63204	0	0	1	0	0	0	0
759	10	11735	3685	20984	23730	17515	7644	7644	64203	43847	5884	63533	1076	12966	1932	18999	1	0	1	0	0	0	0
760	10	17217	30298	25867	24320	17918	7644	7644	17920	53538	60806	1374	55334	20083	26114	18811	1	1	1	0	0	0	0
761	10	3804	12875	7819	7005	4892	7644	7644	62976	35685	28872	60731	21736	37518	47789	23524	0	0	1	0	1	0	0
762	10	571	26111	26	35246	9782	7644	7644	49501	50211	21409	16760	26308	52472	59047	11906	0	1	1	1	1	0	0
763	10	27815	5334	31428	6016	7622	7644	7644	24767	21545	19058	26681	44858	22920	3764	53680	0	0	0	1	1	0	0
764	10	8642	21490	14285	7440	35234	7644	7644	7340	15418	32310	61809	26377	29497	22810	24355	0	0	1	0	0	0	0
765	10	25339	28992	10445	8040	13938	7644	7644	14701	36646	13569	8941	16289	59695	65528	33746	0	0	0	0	1	0	0
766	10	22602	12447	302	22313	2250	7644	7644	15562	44606	40409	13966	63352	6042	58690	42878	1	1	1	0	1	0	0
767	10	801	9964	28047	26721	21199	7644	7644	4137	55912	48341	33302	63376	21747	44287	45682	0	1	0	1	1	0	0
768	10	3657	35471	31919	18831	29987	7644	7644	60133	9468	59141	60694	20428	1984	13413	31384	1	1	1	1	1	0	0
769	10	12089	12627	22898	10989	5905	7644	7644	2524	47153	25758	49915	22010	29465	6188	15511	0	0	1	1	1	0	0
770	10	10121	18289	2102	17461	25504	7644	7644	45716	50815	28537	48620	42728	16324	48792	7620	1	0	0	1	1	0	0
771	10	31846	11107	13685	15689	31270	7644	7644	54535	56832	31160	11620	45858	61238	34809	6245	0	0	0	1	1	0	0
772	10	32920	24427	30974	9135	20307	7644	7644	34568	20510	25997	28911	24391	6777	35896	51022	0	0	0	0	1	0	0
773	10	22616	1321	2052	29255	23114	7644	7644	11124	50327	33000	46869	8055	59760	65080	53412	0	0	0	0	1	0	0
774	10	21077	18440	6943	9996	26618	7644	7644	62728	47620	21841	55670	20208	23970	23749	10129	1	1	0	0	0	0	0
775	10	8136	5444	24157	34529	12817	7644	7644	29679	48515	23659	36614	27159	8353	65149	7077	1	0	0	0	0	0	0
776	10	23240	18530	17407	17705	10772	7644	7644	26309	49556	49932	51778	2172	54153	40226	45827	1	1	1	0	1	0	0
777	10	35863	31349	32216	26695	2289	7644	7644	46385	38298	29011	3553	56986	64201	43478	61823	0	0	0	0	0	0	0
778	10	32981	30978	20686	13530	8413	7644	7644	26623	42370	23321	39944	49543	18174	48110	27502	0	0	0	1	1	0	0
779	10	5559	4849	9072	2773	12232	7644	7644	54941	60465	6731	39227	903	34783	52257	56049	1	0	0	0	0	0	0
780	10	26769	7069	22880	34091	9977	7644	7644	52309	45323	46230	64175	54283	44154	38240	55052	0	1	1	0	1	0	0
781	10	21417	30467	12870	8945	29994	7644	7644	24139	27005	59651	38698	32236	6910	16537	58049	1	0	0	1	0	0	0
782	10	15662	12247	28352	24913	1013	7644	7644	23930	2963	31232	50979	44914	41727	40066	13013	0	0	0	0	0	0	0
783	10	15488	16218	27911	33753	29447	7644	7644	52590	54507	18659	41600	47817	6980	30645	30167	0	1	0	0	0	0	0
784	10	10225	6209	18514	26451	344	7644	7644	62392	1923	25384	11917	48781	23959	44213	29329	0	0	1	1	0	0	0
785	10	8252	2801	21638	6268	10863	7644	7644	26659	65437	20216	31572	27010	3681	48476	16615	0	1	1	1	0	0	0
786	10	34648	6589	14267	30950	17835	7644	7644	6271	18246	41429	57303	40387	47858	45027	22024	1	0	0	1	0	0	0
787	10	17709	35105	1406	10716	9114	7644	7644	20872	54935	34270	3761	47275	31724	10952	59765	1	1	1	0	0	0	0
788	10	7962	24264	28390	21223	21212	7644	7644	39917	63781	13800	49873	64101	41581	43585	27344	0	1	0	1	1	0	0
789	10	33214	35973	19483	21080	28644	7644	7644	37224	40064	13439	23500	42876	49712	36846	28311	1	1	1	0	0	0	0
790	10	21419	4333	24640	1153	16980	7644	7644	23230	14457	15885	48077	30716	15310	12234	15944	0	0	0	1	1	0	0
791	10	4378	5756	14105	29663	24884	7644	7644	54570	36467	16076	43501	45757	35592	58762	53394	1	0	0	1	1	0	0
792	10	4658	4068	8020	31499	28824	7644	7644	188	36478	59605	46698	849	53124	37111	17454	0	1	1	0	1	0	0
793	10	28547	35163	22504	7093	30143	7644	7644	13778	4285	16524	5567	39512	25898	40628	38412	0	0	0	1	0	0	0
794	10	27402	30566	4562	31665	16228	7644	7644	15452	41086	30797	16433	7075	6518	64199	15375	0	0	1	1	1	0	0
795	10	32999	34531	17640	24374	32541	7644	7644	44616	52693	24725	53941	54100	29050	56596	34905	0	0	0	0	1	0	0
796	10	4324	5070	10730	1534	15547	7644	7644	54687	9203	55576	27384	15505	18721	42096	15775	1	1	1	1	1	0	0
797	10	1920	23002	32596	35876	25300	7644	7644	60547	27631	8882	26120	36288	37590	48797	54687	0	1	1	1	1	0	0
798	10	26468	9230	13043	9866	34209	7644	7644	56328	12411	64733	27048	6425	58866	64533	23406	0	0	1	1	0	0	0
799	10	12202	3347	29144	22230	32044	7644	7644	39583	209	18843	62071	56051	47031	50069	53923	1	1	0	1	1	0	0
800	10	22763	5921	35566	4142	10458	7644	7644	47242	28499	2508	60391	15383	11831	32842	59607	1	1	0	1	1	0	0
801	10	20511	35686	17909	23614	5996	7644	7644	16052	21204	53059	55758	40381	56246	13208	41019	1	0	0	1	0	0	0
802	10	26568	25541	20976	33618	34711	7644	7644	10460	33837	44581	36831	65491	15990	44618	16187	0	0	0	1	0	0	0
803	10	14430	23282	24837	17780	24240	7644	7644	19340	42254	15413	49408	37119	38946	62291	56118	1	1	0	1	1	0	0
804	10	14541	12799	35677	19965	21431	7644	7644	14015	23555	37821	21188	17594	56383	56246	6716	0	1	0	1	1	0	0
805	10	8680	3332	35549	17428	35029	7644	7644	49503	7237	65050	51068	36819	21596	27622	56456	0	0	0	1	1	0	0
806	10	4064	16961	21300	7516	12166	7644	7644	61361	35	32709	18811	40151	16798	5107	52031	0	1	1	0	0	0	0
807	10	410	10408	7936	7946	21382	7644	7644	9472	23133	14204	30230	7605	46950	9701	43689	0	0	0	1	0	0	0
808	10	29585	35827	3422	3097	27989	7644	7644	35660	7538	13663	436	63400	4340	50311	62604	1	1	0	0	0	0	0
809	10	30055	14620	3075	27559	16021	7644	7644	64953	31857	56340	15185	63310	54452	5189	22167	0	0	0	1	1	0	0
810	10	16199	19400	31755	25943	10412	7644	7644	31606	56714	51461	43371	26564	55942	23465	10178	1	1	1	1	1	0	0
811	10	585	7339	24595	31645	1148	7644	7644	62176	15696	21386	52676	27283	18913	10401	53887	0	1	1	0	1	0	0
812	10	1267	12909	33555	24073	26345	7644	7644	56811	55225	37078	58689	550	19276	4507	35188	0	0	1	0	0	0	0
813	10	9260	28294	31479	12149	430	7644	7644	27372	28966	1404	55433	11396	11147	7678	32053	1	1	0	0	1	0	0
814	10	1970	27242	22239	24332	19175	7644	7644	28366	588	51754	58103	7479	26558	62018	32005	0	0	1	1	1	0	0
815	10	33562	16669	18863	3597	9621	7644	7644	39766	9651	31359	58883	651	31358	48384	23666	1	1	1	1	0	0	0
816	10	34760	27554	122	19928	9729	7644	7644	23255	33009	45456	28644	52779	20491	1708	30964	1	0	0	0	0	0	0
817	10	25614	34625	23746	28192	20721	7644	7644	33933	9340	26021	48585	5024	30836	59688	48622	1	0	1	1	0	0	0
818	10	34720	26494	4267	34854	7827	7644	7644	40144	58186	32261	31107	49411	16019	15941	18092	0	0	1	0	0	0	0
819	10	21695	24227	17453	12813	25518	7644	7644	44741	43654	59705	60760	28094	13383	44977	58669	1	1	0	0	0	0	0
820	10	30802	17766	11580	6395	27097	7644	7644	13054	31550	39417	46962	36601	59160	32940	9418	1	1	1	1	0	0	0
821	10	2205	15903	29468	3368	22158	7644	7644	38439	11114	34828	16042	57250	53723	43523	23250	1	1	0	1	0	0	0
822	10	18032	3275	6363	7137	32926	7644	7644	9881	39231	9400	52395	54226	56428	26446	10185	1	1	0	0	1	0	0
823	10	17756	34846	12	5661	10268	7644	7644	41029	50714	30719	13030	29850	22086	63880	10115	1	0	0	1	0	0	0
824	10	21536	2943	21409	5303	35646	7644	7644	19423	46407	26912	46176	63605	57438	47160	32371	0	1	1	1	0	0	0
825	10	8154	18957	376	7907	31847	7644	7644	43439	46396	17353	57532	54376	21237	38225	8902	1	1	1	1	0	0	0
826	10	26595	20953	13279	34581	35127	7644	7644	534	35011	15626	59212	33924	30605	34525	20827	0	1	0	1	0	0	0
827	10	23624	18829	8870	28497	13251	7644	7644	30782	17082	1514	61964	50209	47399	48557	48449	1	1	1	0	1	0	0
828	10	33505	2709	23469	26217	10174	7644	7644	19579	36229	21069	55945	55240	7523	46019	30749	1	0	1	0	0	0	0
829	10	13836	2748	10284	31341	35935	7644	7644	25770	38792	16567	5048	58103	51830	48760	56412	1	0	1	1	0	0	0
830	10	5563	2968	12442	395	23153	7644	7644	55604	59261	54697	23424	3565	25665	18270	60710	1	1	1	0	0	0	0
831	10	9094	28418	30527	18258	9532	7644	7644	47133	41069	38144	4640	39113	32981	3030	49540	0	0	1	1	1	0	0
832	10	30819	18277	35077	19051	13725	7644	7644	27756	53936	8697	7805	2543	34909	4304	3853	0	1	1	1	0	0	0
833	10	20966	14877	8030	33766	25013	7644	7644	11019	65434	9876	51690	36480	49010	25094	36227	0	0	1	0	0	0	0
834	10	8822	817	3921	2847	29864	7644	7644	31630	14936	23509	39751	19676	53208	56344	6163	1	0	0	0	0	0	0
835	10	8706	35863	22566	24177	28443	7644	7644	52995	58880	56469	46971	14336	7249	11616	25763	1	1	1	0	0	0	0
836	10	23941	17887	2798	26046	21515	7644	7644	38671	46686	6020	50549	42964	7382	30560	33099	1	1	0	0	1	0	0
837	10	7251	18467	18966	2762	23519	7644	7644	62059	29746	29706	35952	53366	16634	62575	23406	1	0	0	0	0	0	0
838	10	26546	12613	3352	23544	18667	7644	7644	16687	18948	39092	39281	40820	14500	41458	34046	0	1	1	0	1	0	0
839	10	14608	4755	28786	10984	14065	7644	7644	25890	42192	13988	61279	17177	33898	63188	35899	0	1	1	1	0	0	0
840	10	680	22176	16111	6680	20785	7644	7644	57533	58958	44117	61525	63327	41392	44581	44283	0	0	1	0	0	0	0
841	10	34173	22389	8572	27731	1036	7644	7644	64277	26663	49932	6779	33288	654	13018	57736	0	1	1	0	0	0	0
842	10	33280	10524	23545	10889	31689	7644	7644	58789	7916	12319	19314	949	50450	63849	36263	1	0	1	1	0	0	0
843	10	7780	26919	16718	343	2582	7644	7644	49016	36178	47527	43488	18728	15586	32158	11526	1	1	1	0	0	0	0
844	10	34212	18466	16059	23581	13105	7644	7644	869	44309	42887	8435	60788	21387	11663	27990	0	1	0	0	0	0	0
845	10	33837	21794	8037	410	19562	7644	7644	8185	22016	1877	34006	23270	54126	40185	41000	0	1	1	0	0	0	0
846	10	17729	5575	25628	26569	26013	7644	7644	31213	53684	60374	22306	63642	707	19419	42588	0	0	1	1	1	0	0
847	10	9116	32420	25492	25706	11902	7644	7644	38778	2177	48836	60020	51446	60919	5718	18752	0	0	0	1	1	0	0
848	10	27622	31600	6617	30996	16474	7644	7644	33087	4638	45506	64027	50692	9506	3791	16251	1	1	1	1	0	0	0
849	10	1382	14008	24084	34685	34350	7644	7644	8889	20179	59302	36537	36247	9871	45193	27453	1	0	1	1	1	0	0
850	10	7422	7503	32584	24127	30881	7644	7644	31683	55946	25988	34288	39557	50797	23492	16296	0	1	0	0	0	0	0
851	10	9183	7276	507	18974	28381	7644	7644	30558	56049	58982	60522	51467	1250	4338	28832	1	0	1	1	1	0	0
852	10	27614	13003	33657	21133	6651	7644	7644	33482	26193	49979	64452	26756	57320	54235	40983	0	0	0	0	0	0	0
853	10	6468	12843	7136	1386	8290	7644	7644	21517	15565	51475	61874	19016	12505	44320	51955	1	1	1	0	0	0	0
854	10	11448	15396	32421	21772	17006	7644	7644	31884	8820	23006	31498	12062	11059	31908	31361	1	1	1	0	1	0	0
855	10	18388	5028	33549	34452	2382	7644	7644	5790	2331	12517	38838	62581	20815	63242	62273	1	0	1	1	0	0	0
856	10	4618	35000	22356	1740	26051	7644	7644	51435	16771	51022	49366	13377	52193	38741	50537	0	0	1	0	1	0	0
857	10	16088	33289	4196	6189	8299	7644	7644	65002	40589	5834	55754	39655	33	19499	43081	1	1	0	0	0	0	0
858	10	4395	28009	10997	18983	2581	7644	7644	20692	46169	58019	51638	46511	34692	49263	36905	0	0	0	1	1	0	0
859	10	30787	19824	18215	155	2711	7644	7644	59755	33413	43169	4297	59720	37756	57602	37857	1	0	0	1	1	0	0
860	10	15600	22416	5593	13229	34207	7644	7644	16061	63533	10898	832	22507	21078	28196	40700	0	1	1	1	0	0	0
861	10	19487	8564	35459	23841	23579	7644	7644	64279	62080	61354	19737	9990	55400	24224	9577	1	1	0	1	0	0	0
862	10	14930	31869	31569	29512	14663	7644	7644	63787	24861	13419	24495	45481	30155	56504	426	0	1	0	0	1	0	0
863	10	10477	12793	11353	33152	29990	7644	7644	62211	40297	62943	41476	9633	16400	13546	6273	0	1	0	1	0	0	0
864	10	24139	17975	20665	838	18801	7644	7644	63243	21271	37774	15587	61046	28259	27353	24322	0	0	1	0	1	0	0
865	10	3519	24376	32212	2092	2971	7644	7644	50496	2827	46101	17722	8449	39629	41911	6360	1	1	0	0	0	0	0
866	10	19285	32891	302	20360	22404	7644	7644	15436	9463	12107	15868	27550	44858	14928	50622	1	0	1	0	0	0	0
867	10	26319	9533	29616	14640	31098	7644	7644	5252	62189	11204	51994	29481	31888	41956	29533	1	0	0	1	0	0	0
868	10	30996	22451	34312	16053	20322	7644	7644	48152	43629	7929	1928	57812	6737	43648	56236	1	1	1	0	0	0	0
869	10	19027	17707	21694	19370	21958	7644	7644	19957	62045	7094	52495	6274	5285	14749	24336	1	0	0	0	1	0	0
870	10	27251	34172	11200	6376	206	7644	7644	48180	34405	46769	5101	18712	12290	31289	39240	1	1	0	1	0	0	0
871	10	19202	22889	9856	27749	14094	7644	7644	2577	8151	29627	12246	56946	60110	57779	14730	0	0	1	1	0	0	0
872	10	20136	32385	18511	21489	19455	7644	7644	10444	48388	47075	37464	63266	18283	58483	35820	1	0	1	0	0	0	0
873	10	22828	16317	27383	1784	35842	7644	7644	15035	42891	30799	58851	38948	1953	54706	44785	1	0	0	0	1	0	0
874	10	4920	29661	13777	11459	31911	7644	7644	63322	54416	17017	36014	20738	1158	42753	40155	1	1	1	1	0	0	0
875	10	2045	8917	23034	26340	10101	7644	7644	57314	24685	6281	17795	57321	1942	34669	51212	1	0	1	0	0	0	0
876	10	2902	16821	34737	9766	580	7644	7644	42061	64856	15696	20276	2404	57684	55162	11644	0	1	1	1	0	0	0
877	10	29715	13917	13055	19446	726	7644	7644	53458	6177	59181	27344	25917	58878	8791	40668	1	1	1	0	1	0	0
878	10	19656	11859	17641	21453	4595	7644	7644	64085	12300	16383	25976	4969	25831	36478	40160	1	0	1	0	1	0	0
879	10	8213	20805	1750	15347	33522	7644	7644	51919	47066	543	1838	6657	51641	9181	54119	0	0	1	0	0	0	0
880	10	25164	16397	19124	11269	11123	7644	7644	29431	35568	31207	46461	43334	3583	6070	64270	0	0	1	0	0	0	0
881	10	3784	28272	20284	22738	27262	7644	7644	31079	39771	49405	43250	33843	31203	21890	13497	1	0	0	0	0	0	0
882	10	19946	32341	22137	9494	30901	7644	7644	24461	7826	18206	9452	62243	19567	54774	578	1	1	0	1	1	0	0
883	10	13641	31858	14010	26907	30661	7644	7644	63043	45120	34586	780	26284	46459	37042	278	0	0	1	0	1	0	0
884	10	34669	24020	11974	1043	26694	7644	7644	48806	40253	1832	20918	49539	3846	20449	61564	0	1	1	1	1	0	0
885	10	31099	13940	24215	35193	31614	7644	7644	30169	32811	2965	48905	7459	16712	17213	1885	0	0	1	0	1	0	0
886	10	17906	29723	16188	33849	1674	7644	7644	57793	50260	19776	223	362	63761	26216	19482	1	1	0	0	1	0	0
887	10	13197	34286	12915	16205	34172	7644	7644	59648	18886	21861	49098	12164	26992	23873	12773	0	0	0	1	1	0	0
888	10	7838	19481	19566	19469	31119	7644	7644	10582	29071	35672	9332	60723	6983	42467	41422	0	0	0	1	0	0	0
889	10	24543	6606	11185	5332	17064	7644	7644	37600	17425	30330	21904	7361	38058	34522	27409	1	0	1	1	1	0	0
890	10	6626	4562	13119	3466	34749	7644	7644	54020	54496	30633	30065	55891	28759	62881	39133	1	0	1	1	0	0	0
891	10	22542	23385	32919	21977	25844	7644	7644	42740	46587	58500	27243	58748	21183	18751	53791	1	1	1	0	0	0	0
892	10	33308	28328	24437	2664	25209	7644	7644	53546	40441	2432	17402	48351	7378	30040	8814	0	0	1	1	0	0	0
893	10	3264	13538	32899	2883	22478	7644	7644	8874	64450	25914	18541	8378	65328	30963	17941	1	0	1	0	0	0	0
894	10	14654	5748	21652	18388	21764	7644	7644	49756	6361	15984	56482	30350	12445	52446	45822	0	0	0	0	1	0	0
895	10	30687	13476	1949	24739	35836	7644	7644	8110	1962	39220	25791	57703	11482	15596	25398	0	0	0	0	1	0	0
896	10	18022	32880	10825	12247	13775	7644	7644	20405	63597	50634	5953	56535	57861	36152	12017	0	0	1	1	0	0	0
897	10	24225	18798	15939	26112	17138	7644	7644	513	13528	51920	13724	33403	40673	38272	56025	1	0	1	0	1	0	0
898	10	7878	3945	22701	13058	9434	7644	7644	46466	31512	24946	61692	8832	32041	15378	28611	1	1	0	1	1	0	0
899	10	6558	2074	34916	9578	15152	7644	7644	46811	61183	11444	43779	26597	21874	24402	43598	0	1	1	1	1	0	0
900	10	6998	35977	8608	28460	16835	7644	7644	20584	34744	12208	4420	14795	44949	36072	35520	1	0	1	1	0	0	0
901	10	22747	31389	2638	24343	8496	7644	7644	49051	7680	62846	26213	63289	6669	59316	22932	1	1	1	1	0	0	0
902	10	15525	4044	5825	24621	7004	7644	7644	51153	4754	12930	40878	64906	2436	53813	16597	0	0	1	1	1	0	0
903	10	14864	11960	28852	5687	11332	7644	7644	46386	61691	58798	38065	8823	62168	36438	4069	1	0	0	0	1	0	0
904	10	16727	17047	24666	8367	21407	7644	7644	50317	21110	60021	28459	30740	25777	25781	44235	1	1	0	0	1	0	0
905	10	33182	13432	10011	29724	32366	7644	7644	3843	54257	50972	62594	26694	47585	3628	50547	1	0	1	0	0	0	0
906	10	10255	14247	20868	31586	21826	7644	7644	22731	356	57206	6950	53081	14054	22315	48405	0	1	1	0	0	0	0
907	10	20287	9687	13996	21765	14537	7644	7644	47786	62565	50139	23326	62924	61631	55098	2693	1	1	1	0	0	0	0
908	10	26323	20408	33988	35482	10025	7644	7644	62547	43419	32543	23026	58662	52467	63544	51571	0	0	1	1	0	0	0
909	10	18109	20624	27436	35847	32517	7644	7644	3298	33108	20759	58344	18385	36649	33810	5721	1	0	1	0	1	0	0
910	10	18917	17164	1660	23960	33105	7644	7644	35239	9135	64282	2049	52727	27324	57120	33397	0	1	0	1	0	0	0
911	10	14276	17608	2027	6367	17451	7644	7644	54444	35215	37930	46826	27560	39021	55804	57972	0	1	0	1	1	0	0
912	10	31536	16539	30438	25607	20264	7644	7644	39736	29918	27099	37506	9526	58635	32110	49856	0	1	1	0	0	0	0
913	10	4116	30871	21215	16843	1224	7644	7644	13927	7017	35447	22928	9983	52713	31207	844	1	1	1	1	1	0	0
914	10	16718	31546	8800	7467	32610	7644	7644	10809	28841	33644	33359	12971	43789	14082	63324	1	1	1	1	0	0	0
915	10	26287	938	24653	20219	23246	7644	7644	34334	60475	6897	7379	26110	29074	11452	18924	0	1	0	1	0	0	0
916	10	22702	32935	10946	26678	34191	7644	7644	26716	2641	35596	13128	29258	40613	36776	65083	0	1	1	0	0	0	0
917	10	31320	28499	23457	13261	33206	7644	7644	25971	60067	54344	24729	55538	37393	44809	215	1	0	1	1	0	0	0
